0,2.52796
14.6484,0.367909
29.2969,0.295683
43.9453,0.317921
58.5938,0.18467
73.2422,0.164491
87.8906,0.192722
102.539,0.259916
117.188,0.0930354
131.836,0.344338
146.484,0.0941358
161.133,0.0425213
175.781,0.0507535
190.43,0.194435
205.078,0.112217
219.727,0.0779605
234.375,0.202408
249.023,0.180849
263.672,0.0615576
278.32,0.212311
292.969,0.153534
307.617,0.214
322.266,0.189015
336.914,0.253331
351.563,0.316495
366.211,0.130561
380.859,0.276253
395.508,0.342874
410.156,0.186516
424.805,0.175456
439.453,0.130574
454.102,0.35068
468.75,0.470178
483.398,0.307314
498.047,0.280302
512.695,0.250716
527.344,0.122149
541.992,0.0827663
556.641,0.217503
571.289,0.24424
585.938,0.124439
600.586,0.0862628
615.234,0.174188
629.883,0.0652455
644.531,0.126395
659.18,0.369087
673.828,0.273619
688.477,0.285497
703.125,0.154706
717.773,0.104489
732.422,0.103092
747.07,0.0878898
761.719,0.104293
776.367,0.261204
791.016,0.239256
805.664,0.0297121
820.313,0.359449
834.961,0.192216
849.609,0.117477
864.258,0.107411
878.906,0.175957
893.555,0.282992
908.203,0.145716
922.852,0.182745
937.5,0.332908
952.148,0.123553
966.797,0.179649
981.445,0.426354
996.094,0.227714
1010.74,0.26258
1025.39,0.125778
1040.04,0.264865
1054.69,0.117344
1069.34,0.308122
1083.98,0.11064
1098.63,0.0815368
1113.28,0.268914
1127.93,0.123649
1142.58,0.20208
1157.23,0.0606023
1171.88,0.0455992
1186.52,0.286652
1201.17,0.39525
1215.82,0.275868
1230.47,0.262604
1245.12,0.16413
1259.77,0.193826
1274.41,0.338764
1289.06,0.155291
1303.71,0.275725
1318.36,0.0999869
1333.01,0.612459
1347.66,0.330427
1362.3,0.131896
1376.95,0.106804
1391.6,0.235795
1406.25,0.233782
1420.9,0.313352
1435.55,1.20843
1450.2,0.190716
1464.84,0.331662
1479.49,0.197313
1494.14,0.199396
1508.79,0.146545
1523.44,0.319783
1538.09,0.763787
1552.73,0.132779
1567.38,0.188657
1582.03,0.151298
1596.68,0.268188
1611.33,0.190382
1625.98,0.17147
1640.63,0.840705
1655.27,0.30077
1669.92,0.408801
1684.57,0.234216
1699.22,0.431317
1713.87,0.760025
1728.52,0.444257
1743.16,0.834326
1757.81,0.323605
1772.46,0.355508
1787.11,0.0127705
1801.76,0.202123
1816.41,0.112979
1831.05,0.259832
1845.7,0.236231
1860.35,0.142566
1875,0.218811
1889.65,0.126153
1904.3,0.300648
1918.95,0.218952
1933.59,0.211565
1948.24,0.201638
1962.89,0.147668
1977.54,0.173252
1992.19,0.0753399
2006.84,0.210332
2021.48,0.314531
2036.13,0.540486
2050.78,0.0798601
2065.43,0.267471
2080.08,0.26645
2094.73,0.202628
2109.38,0.451432
2124.02,0.178329
2138.67,0.582669
2153.32,0.143667
2167.97,0.304413
2182.62,0.223887
2197.27,0.0470696
2211.91,0.224993
2226.56,0.0292975
2241.21,0.097168
2255.86,0.0725657
2270.51,0.151625
2285.16,0.170996
2299.8,0.0764042
2314.45,0.340478
2329.1,0.136796
2343.75,0.205947
2358.4,0.169611
2373.05,0.0485003
2387.7,0.209318
2402.34,0.305726
2416.99,0.143016
2431.64,0.355167
2446.29,0.105317
2460.94,0.191686
2475.59,0.30031
2490.23,0.135677
2504.88,0.271626
2519.53,0.182328
2534.18,0.109276
2548.83,0.224847
2563.48,0.215808
2578.13,0.280144
2592.77,0.166756
2607.42,0.104253
2622.07,0.500259
2636.72,0.207999
2651.37,0.0170723
2666.02,0.0245487
2680.66,0.194227
2695.31,0.281319
2709.96,0.150422
2724.61,0.191927
2739.26,0.258688
2753.91,0.0759975
2768.55,0.191651
2783.2,0.204851
2797.85,0.115952
2812.5,0.14893
2827.15,0.247854
2841.8,0.249595
2856.45,0.159921
2871.09,0.203178
2885.74,0.18785
2900.39,0.154211
2915.04,0.175821
2929.69,0.441818
2944.34,0.0950234
2958.98,0.121377
2973.63,0.196596
2988.28,0.106299
3002.93,0.166847
3017.58,0.427742
3032.23,0.638461
3046.88,0.238811
3061.52,0.113537
3076.17,0.0470597
3090.82,0.0407662
3105.47,0.141896
3120.12,0.664088
3134.77,0.730653
3149.41,0.270285
3164.06,0.455749
3178.71,0.567028
3193.36,0.123606
3208.01,0.443473
3222.66,1.19265
3237.3,0.226872
3251.95,0.183534
3266.6,0.061335
3281.25,0.0505294
3295.9,0.121253
3310.55,0.182609
3325.2,0.269172
3339.84,0.139445
3354.49,0.0612651
3369.14,0.357771
3383.79,0.10616
3398.44,0.110439
3413.09,0.137452
3427.73,0.0866138
3442.38,0.141815
3457.03,0.236555
3471.68,0.264723
3486.33,0.153165
3500.98,0.136185
3515.63,0.0835143
3530.27,0.150783
3544.92,0.263785
3559.57,0.167799
3574.22,0.35144
3588.87,0.010786
3603.52,0.311183
3618.16,0.394542
3632.81,0.109361
3647.46,0.188108
3662.11,0.143227
3676.76,0.339611
3691.41,0.0482666
3706.05,0.149628
3720.7,0.091982
3735.35,0.243316
3750,0.129851
3764.65,0.419718
3779.3,0.190595
3793.95,0.0510323
3808.59,0.133175
3823.24,0.155098
3837.89,0.32327
3852.54,0.221668
3867.19,0.0102102
3881.84,0.287909
3896.48,0.290839
3911.13,0.272479
3925.78,0.136773
3940.43,0.147336
3955.08,0.0495121
3969.73,0.0485711
3984.38,0.145312
3999.02,0.263141
4013.67,0.0573858
4028.32,0.141094
4042.97,0.140543
4057.62,0.351865
4072.27,0.164788
4086.91,0.0319657
4101.56,0.257628
4116.21,0.276123
4130.86,0.341029
4145.51,0.150313
4160.16,0.119537
4174.8,0.189435
4189.45,0.0687783
4204.1,0.292963
4218.75,0.143506
4233.4,0.313587
4248.05,0.187579
4262.7,0.132702
4277.34,0.0722133
4291.99,0.0981463
4306.64,0.15294
4321.29,0.404271
4335.94,0.104499
4350.59,0.194184
4365.23,0.0452033
4379.88,0.200952
4394.53,0.24397
4409.18,0.501705
4423.83,0.0915102
4438.48,0.280309
4453.13,0.0596506
4467.77,0.289768
4482.42,0.144532
4497.07,0.148501
4511.72,0.0404749
4526.37,0.14043
4541.02,0.0452437
4555.66,0.325494
4570.31,0.14129
4584.96,0.089841
4599.61,0.046591
4614.26,0.1923
4628.91,0.0592674
4643.55,0.302769
4658.2,0.247706
4672.85,0.214936
4687.5,0.178161
4702.15,0.224483
4716.8,0.13591
4731.45,0.147954
4746.09,0.268403
4760.74,0.194512
4775.39,0.157218
4790.04,0.148605
4804.69,0.0968538
4819.34,0.0898763
4833.98,0.20597
4848.63,0.219249
4863.28,0.200873
4877.93,0.0790582
4892.58,0.400751
4907.23,0.173366
4921.88,0.268528
4936.52,0.124454
4951.17,0.154781
4965.82,0.0184201
4980.47,0.178948
4995.12,0.110318
5009.77,0.151796
5024.41,0.126693
5039.06,0.0938481
5053.71,0.213943
5068.36,0.118384
5083.01,0.075329
5097.66,0.18988
5112.3,0.321775
5126.95,0.257722
5141.6,0.139676
5156.25,0.104292
5170.9,0.151022
5185.55,0.136029
5200.2,0.0475834
5214.84,0.113409
5229.49,0.153786
5244.14,0.0311356
5258.79,0.0690985
5273.44,0.0315609
5288.09,0.226049
5302.73,0.241866
5317.38,0.214392
5332.03,0.0667443
5346.68,0.183953
5361.33,0.28934
5375.98,0.110855
5390.63,0.193918
5405.27,0.0930634
5419.92,0.0436594
5434.57,0.0146736
5449.22,0.101597
5463.87,0.188312
5478.52,0.053227
5493.16,0.117627
5507.81,0.226716
5522.46,0.0903863
5537.11,0.205885
5551.76,0.0804651
5566.41,0.267514
5581.05,0.1394
5595.7,0.331403
5610.35,0.1562
5625,0.169099
5639.65,0.0336307
5654.3,0.277374
5668.95,0.182446
5683.59,0.0405395
5698.24,0.309274
5712.89,0.150226
5727.54,0.246225
5742.19,0.256618
5756.84,0.0957112
5771.48,0.159292
5786.13,0.110359
5800.78,0.308503
5815.43,0.171266
5830.08,0.11754
5844.73,0.141503
5859.38,0.293806
5874.02,0.359167
5888.67,0.420636
5903.32,0.200956
5917.97,0.279529
5932.62,0.272465
5947.27,0.187968
5961.91,0.193526
5976.56,0.114258
5991.21,0.228646
6005.86,0.0800257
6020.51,0.145821
6035.16,0.252494
6049.8,0.277824
6064.45,0.176572
6079.1,0.393045
6093.75,0.215022
6108.4,0.189945
6123.05,0.192465
6137.7,0.256314
6152.34,0.120027
6166.99,0.0821434
6181.64,0.0297372
6196.29,0.0129148
6210.94,0.0427103
6225.59,0.281013
6240.23,0.230038
6254.88,0.297524
6269.53,0.101346
6284.18,0.331613
6298.83,0.12255
6313.48,0.0137781
6328.13,0.160957
6342.77,0.151087
6357.42,0.245117
6372.07,0.13312
6386.72,0.166353
6401.37,0.362682
6416.02,0.146359
6430.66,0.336589
6445.31,0.198786
6459.96,0.0620241
6474.61,0.0979388
6489.26,0.116283
6503.91,0.188657
6518.55,0.123475
6533.2,0.278565
6547.85,0.0835884
6562.5,0.326962
6577.15,0.159584
6591.8,0.332099
6606.45,0.0376731
6621.09,0.0627756
6635.74,0.227159
6650.39,0.27097
6665.04,0.0948551
6679.69,0.237644
6694.34,0.134891
6708.98,0.249195
6723.63,0.291616
6738.28,0.265688
6752.93,0.193308
6767.58,0.113728
6782.23,0.196619
6796.88,0.0403275
6811.52,0.292676
6826.17,0.116919
6840.82,0.174193
6855.47,0.219931
6870.12,0.419551
6884.77,0.153235
6899.41,0.262611
6914.06,0.21783
6928.71,0.206705
6943.36,0.0838033
6958.01,0.213657
6972.66,0.186684
6987.3,0.129319
7001.95,0.229567
7016.6,0.196613
7031.25,0.364215
7045.9,0.138792
7060.55,0.216089
7075.2,0.378136
7089.84,0.119786
7104.49,0.152653
7119.14,0.0764823
7133.79,0.0950213
7148.44,0.202791
7163.09,0.436569
7177.73,0.241744
7192.38,0.248398
7207.03,0.193674
7221.68,0.215316
7236.33,0.356017
7250.98,0.42328
7265.63,0.227229
7280.27,0.192979
7294.92,0.169147
7309.57,0.264397
7324.22,0.276758
7338.87,0.0698894
7353.52,0.110569
7368.16,0.200839
7382.81,0.111941
7397.46,0.214684
7412.11,0.0611847
7426.76,0.113901
7441.41,0.23326
7456.05,0.135481
7470.7,0.0492325
7485.35,0.143356
7500,0.507058
7514.65,0.0395144
7529.3,0.2772
7543.95,0.238886
7558.59,0.3307
7573.24,0.0195954
7587.89,0.225077
7602.54,0.186368
7617.19,0.134599
7631.84,0.204426
7646.48,0.236734
7661.13,0.216169
7675.78,0.236549
7690.43,0.178013
7705.08,0.0365382
7719.73,0.0251608
7734.38,0.127573
7749.02,0.0960339
7763.67,0.239463
7778.32,0.0890402
7792.97,0.122118
7807.62,0.289581
7822.27,0.10539
7836.91,0.204166
7851.56,0.161418
7866.21,0.102099
7880.86,0.16233
7895.51,0.179329
7910.16,0.170034
7924.8,0.156472
7939.45,0.294474
7954.1,0.173624
7968.75,0.128042
7983.4,0.110648
7998.05,0.270755
8012.7,0.104111
8027.34,0.149089
8041.99,0.0558513
8056.64,0.223719
8071.29,0.323988
8085.94,0.176004
8100.59,0.102451
8115.23,0.221467
8129.88,0.320556
8144.53,0.139737
8159.18,0.0869114
8173.83,0.15215
8188.48,0.241683
8203.13,0.191452
8217.77,0.20348
8232.42,0.164288
8247.07,0.319995
8261.72,0.359393
8276.37,0.33256
8291.02,0.167794
8305.66,0.0320661
8320.31,0.201939
8334.96,0.106732
8349.61,0.182806
8364.26,0.204108
8378.91,0.0829341
8393.55,0.0809042
8408.2,0.212114
8422.85,0.0408227
8437.5,0.141634
8452.15,0.225288
8466.8,0.125777
8481.45,0.152
8496.09,0.199816
8510.74,0.0840654
8525.39,0.180373
8540.04,0.152533
8554.69,0.13777
8569.34,0.149979
8583.98,0.0701575
8598.63,0.331604
8613.28,0.184753
8627.93,0.181229
8642.58,0.0634955
8657.23,0.223615
8671.88,0.100589
8686.52,0.10362
8701.17,0.224953
8715.82,0.0601331
8730.47,0.444462
8745.12,0.119291
8759.77,0.409048
8774.41,0.215378
8789.06,0.307728
8803.71,0.148658
8818.36,0.0527624
8833.01,0.106932
8847.66,0.114825
8862.3,0.220679
8876.95,0.0310914
8891.6,0.0822367
8906.25,0.293958
8920.9,0.151798
8935.55,0.150368
8950.2,0.250527
8964.84,0.31799
8979.49,0.0674725
8994.14,0.26127
9008.79,0.207234
9023.44,0.265317
9038.09,0.120953
9052.73,0.0762881
9067.38,0.125467
9082.03,0.232392
9096.68,0.0850262
9111.33,0.097651
9125.98,0.153202
9140.63,0.141949
9155.27,0.180629
9169.92,0.116004
9184.57,0.193193
9199.22,0.400058
9213.87,0.0919798
9228.52,0.123244
9243.16,0.049318
9257.81,0.117441
9272.46,0.18138
9287.11,0.54554
9301.76,0.0869544
9316.41,0.108881
9331.05,0.279309
9345.7,0.17552
9360.35,0.259151
9375,0.016518
9389.65,0.148177
9404.3,0.0757555
9418.95,0.29936
9433.59,0.0628522
9448.24,0.380218
9462.89,0.502014
9477.54,0.472501
9492.19,0.209092
9506.84,0.12464
9521.48,0.149019
9536.13,0.119652
9550.78,0.159412
9565.43,0.0526862
9580.08,0.166898
9594.73,0.233646
9609.38,0.0327375
9624.02,0.326348
9638.67,0.0625504
9653.32,0.105589
9667.97,0.199732
9682.62,0.12884
9697.27,0.0460774
9711.91,0.0690007
9726.56,0.196837
9741.21,0.0777814
9755.86,0.321553
9770.51,0.146353
9785.16,0.255075
9799.8,0.185329
9814.45,0.191933
9829.1,0.237073
9843.75,0.130293
9858.4,0.118511
9873.05,0.211187
9887.7,0.099397
9902.34,0.0579964
9916.99,0.118133
9931.64,0.173408
9946.29,0.0893791
9960.94,0.232354
9975.59,0.125787
9990.23,0.152568
10004.9,0.487295
10019.5,0.32478
10034.2,0.0881522
10048.8,0.168772
10063.5,0.110109
10078.1,0.153016
10092.8,0.110285
10107.4,0.146066
10122.1,0.245429
10136.7,0.115531
10151.4,0.158681
10166,0.0792696
10180.7,0.0843598
10195.3,0.0997638
10210,0.0866968
10224.6,0.116973
10239.3,0.111008
10253.9,0.150271
10268.6,0.243322
10283.2,0.167976
10297.9,0.131503
10312.5,0.162403
10327.1,0.251628
10341.8,0.173752
10356.4,0.0583377
10371.1,0.265669
10385.7,0.148286
10400.4,0.180372
10415,0.194754
10429.7,0.217944
10444.3,0.279006
10459,0.108405
10473.6,0.339379
10488.3,0.0518656
10502.9,0.138108
10517.6,0.304175
10532.2,0.343594
10546.9,0.0561407
10561.5,0.336145
10576.2,0.0365571
10590.8,0.110232
10605.5,0.152798
10620.1,0.140711
10634.8,0.0890869
10649.4,0.21166
10664.1,0.124135
10678.7,0.316429
10693.4,0.251864
10708,0.14716
10722.7,0.0868618
10737.3,0.0771207
10752,0.219018
10766.6,0.312927
10781.3,0.187532
10795.9,0.106081
10810.5,0.312991
10825.2,0.21728
10839.8,0.144116
10854.5,0.372943
10869.1,0.0709617
10883.8,0.245376
10898.4,0.24722
10913.1,0.123244
10927.7,0.159199
10942.4,0.208661
10957,0.206643
10971.7,0.155976
10986.3,0.105393
11001,0.332808
11015.6,0.162752
11030.3,0.200681
11044.9,0.0244045
11059.6,0.0727799
11074.2,0.160571
11088.9,0.153726
11103.5,0.231951
11118.2,0.117885
11132.8,0.0674375
11147.5,0.140654
11162.1,0.0826333
11176.8,0.0056422
11191.4,0.264702
11206.1,0.17246
11220.7,0.342988
11235.4,0.249624
11250,0.0612613
11264.6,0.191186
11279.3,0.15637
11293.9,0.039856
11308.6,0.185373
11323.2,0.0718321
11337.9,0.163056
11352.5,0.257246
11367.2,0.263799
11381.8,0.495767
11396.5,0.344097
11411.1,0.0452806
11425.8,0.210461
11440.4,0.139651
11455.1,0.0889948
11469.7,0.173353
11484.4,0.0254252
11499,0.0572584
11513.7,0.17361
11528.3,0.0453306
11543,0.249069
11557.6,0.0408517
11572.3,0.26974
11586.9,0.104536
11601.6,0.0699046
11616.2,0.217487
11630.9,0.0461266
11645.5,0.262252
11660.2,0.144144
11674.8,0.134359
11689.5,0.162561
11704.1,0.225429
11718.8,0.141818
11733.4,0.180878
11748,0.396186
11762.7,0.176027
11777.3,0.385907
11792,0.0243794
11806.6,0.229126
11821.3,0.254662
11835.9,0.605981
11850.6,0.152876
11865.2,0.290991
11879.9,0.293395
11894.5,0.0905469
11909.2,0.0589407
11923.8,0.215631
11938.5,0.0781128
11953.1,0.284756
11967.8,0.238174
11982.4,0.178236
11997.1,0.223201
12011.7,0.106416
12026.4,0.260186
12041,0.284213
12055.7,0.10747
12070.3,0.0208637
12085,0.0962282
12099.6,0.267558
12114.3,0.0639569
12128.9,0.0910205
12143.6,0.0398325
12158.2,0.198204
12172.9,0.0710345
12187.5,0.0476576
12202.1,0.315908
12216.8,0.219801
12231.4,0.360598
12246.1,0.176844
12260.7,0.130217
12275.4,0.245847
12290,0.185729
12304.7,0.199464
12319.3,0.293855
12334,0.223241
12348.6,0.073628
12363.3,0.126982
12377.9,0.179006
12392.6,0.292148
12407.2,0.154058
12421.9,0.169128
12436.5,0.169057
12451.2,0.0361599
12465.8,0.193418
12480.5,0.154935
12495.1,0.0538326
12509.8,0.373559
12524.4,0.254349
12539.1,0.0494444
12553.7,0.0658028
12568.4,0.154076
12583,0.0886975
12597.7,0.436365
12612.3,0.278629
12627,0.250682
12641.6,0.232349
12656.3,0.40685
12670.9,0.0922408
12685.5,0.115427
12700.2,0.248526
12714.8,0.154741
12729.5,0.232995
12744.1,0.229128
12758.8,0.268013
12773.4,0.26108
12788.1,0.121096
12802.7,0.0973658
12817.4,0.118926
12832,0.198508
12846.7,0.149214
12861.3,0.109797
12876,0.636219
12890.6,0.0729289
12905.3,0.233788
12919.9,0.0980652
12934.6,0.0460586
12949.2,0.153372
12963.9,0.188765
12978.5,0.257449
12993.2,0.232622
13007.8,0.0690288
13022.5,0.186413
13037.1,0.145612
13051.8,0.138218
13066.4,0.339322
13081.1,0.0938719
13095.7,0.311756
13110.4,0.14112
13125,0.337274
13139.6,0.136479
13154.3,0.124936
13168.9,0.176696
13183.6,0.373606
13198.2,0.212976
13212.9,0.150626
13227.5,0.287201
13242.2,0.281185
13256.8,0.0432079
13271.5,0.217585
13286.1,0.141146
13300.8,0.373921
13315.4,0.213472
13330.1,0.167547
13344.7,0.12722
13359.4,0.22454
13374,0.345076
13388.7,0.312526
13403.3,0.248105
13418,0.317909
13432.6,0.194049
13447.3,0.343014
13461.9,0.0661801
13476.6,0.488441
13491.2,0.115204
13505.9,0.325656
13520.5,0.181916
13535.2,0.248829
13549.8,0.224744
13564.5,0.311836
13579.1,0.0137612
13593.8,0.10814
13608.4,0.422873
13623,0.238993
13637.7,0.427683
13652.3,0.182323
13667,0.318449
13681.6,0.296896
13696.3,0.438215
13710.9,0.510883
13725.6,0.336002
13740.2,0.536979
13754.9,0.233725
13769.5,0.382581
13784.2,0.264687
13798.8,0.605751
13813.5,0.325637
13828.1,0.197849
13842.8,0.0795796
13857.4,0.126625
13872.1,0.51273
13886.7,0.2259
13901.4,0.0771709
13916,0.142463
13930.7,0.151023
13945.3,0.0397596
13960,0.115171
13974.6,0.173758
13989.3,0.508653
14003.9,0.314673
14018.6,0.136823
14033.2,0.385376
14047.9,0.072345
14062.5,0.654181
14077.1,0.290956
14091.8,0.967228
14106.4,0.588022
14121.1,0.503227
14135.7,0.705625
14150.4,0.263407
14165,0.480313
14179.7,0.514614
14194.3,0.526953
14209,0.169628
14223.6,0.0425034
14238.3,0.547726
14252.9,0.111172
14267.6,0.351626
14282.2,0.199924
14296.9,0.451624
14311.5,0.318548
14326.2,0.469014
14340.8,0.292041
14355.5,0.330847
14370.1,0.255022
14384.8,0.261931
14399.4,0.393818
14414.1,0.159347
14428.7,0.484735
14443.4,0.481996
14458,0.245866
14472.7,0.29428
14487.3,0.222659
14502,0.274857
14516.6,0.100335
14531.3,0.468933
14545.9,0.23096
14560.5,0.23936
14575.2,0.437272
14589.8,0.332886
14604.5,0.299284
14619.1,0.311967
14633.8,0.181401
14648.4,0.377109
14663.1,0.278631
14677.7,0.290075
14692.4,0.278978
14707,0.0858262
14721.7,0.532572
14736.3,0.63756
14751,0.470124
14765.6,0.234146
14780.3,0.0660062
14794.9,0.111393
14809.6,0.447293
14824.2,0.32473
14838.9,0.414761
14853.5,0.418486
14868.2,0.601587
14882.8,0.500521
14897.5,0.706606
14912.1,0.586848
14926.8,0.338323
14941.4,0.0702681
14956.1,0.0809103
14970.7,0.558024
14985.4,0.405373
15000,0.300316
15014.6,0.463847
15029.3,0.123904
15043.9,0.419281
15058.6,0.129361
15073.2,0.474314
15087.9,0.227873
15102.5,0.237319
15117.2,0.250624
15131.8,0.0182145
15146.5,0.667181
15161.1,0.157693
15175.8,0.367567
15190.4,0.375171
15205.1,0.558776
15219.7,0.850385
15234.4,0.18993
15249,0.214079
15263.7,0.0670951
15278.3,0.459227
15293,0.526839
15307.6,0.272448
15322.3,0.322497
15336.9,0.340124
15351.6,0.349077
15366.2,0.320336
15380.9,0.1931
15395.5,0.492537
15410.2,0.240409
15424.8,0.304075
15439.5,0.312102
15454.1,0.491579
15468.8,0.289497
15483.4,0.745434
15498,0.284378
15512.7,0.509944
15527.3,0.305469
15542,0.257475
15556.6,0.302907
15571.3,0.276109
15585.9,0.089422
15600.6,0.204875
15615.2,0.294524
15629.9,0.0878561
15644.5,0.167778
15659.2,0.269267
15673.8,0.470699
15688.5,0.191545
15703.1,0.301594
15717.8,0.507859
15732.4,0.636377
15747.1,0.575513
15761.7,0.291249
15776.4,0.110127
15791,0.0722947
15805.7,0.536059
15820.3,0.251844
15835,0.337638
15849.6,0.25509
15864.3,0.319562
15878.9,0.228282
15893.6,0.187868
15908.2,0.3256
15922.9,0.318572
15937.5,0.175833
15952.1,0.223092
15966.8,0.0827431
15981.4,0.311929
15996.1,0.28348
16010.7,0.162665
16025.4,0.0424716
16040,0.150374
16054.7,0.099802
16069.3,0.0877404
16084,0.28396
16098.6,0.280882
16113.3,0.655479
16127.9,0.330713
16142.6,0.274067
16157.2,0.284528
16171.9,0.531278
16186.5,0.134091
16201.2,0.29078
16215.8,1.37556
16230.5,0.648761
16245.1,0.558455
16259.8,0.0156181
16274.4,0.283484
16289.1,0.0876445
16303.7,0.213491
16318.4,0.21818
16333,0.327297
16347.7,0.299556
16362.3,0.0797369
16377,0.195456
16391.6,0.285828
16406.3,0.296506
16420.9,0.153924
16435.5,0.325709
16450.2,0.0348184
16464.8,0.670758
16479.5,0.18544
16494.1,0.0978145
16508.8,0.143984
16523.4,0.496762
16538.1,0.115005
16552.7,0.506812
16567.4,0.256921
16582,0.262426
16596.7,0.18157
16611.3,0.10242
16626,0.33182
16640.6,0.507793
16655.3,0.195809
16669.9,0.164385
16684.6,0.0468704
16699.2,0.302485
16713.9,0.234851
16728.5,0.0409395
16743.2,0.25599
16757.8,0.42616
16772.5,0.352755
16787.1,0.333772
16801.8,0.413037
16816.4,0.449174
16831.1,0.148478
16845.7,0.251677
16860.4,0.090624
16875,0.0152258
16889.6,0.386275
16904.3,0.425082
16918.9,0.162636
16933.6,0.461744
16948.2,0.445099
16962.9,0.399115
16977.5,0.162633
16992.2,0.228587
17006.8,0.228403
17021.5,0.434193
17036.1,0.636937
17050.8,0.449557
17065.4,0.204864
17080.1,0.0332525
17094.7,0.369181
17109.4,0.234023
17124,0.539437
17138.7,0.105156
17153.3,0.161927
17168,0.345816
17182.6,0.246815
17197.3,0.186453
17211.9,0.209974
17226.6,0.290824
17241.2,0.331999
17255.9,0.297669
17270.5,0.173947
17285.2,0.155264
17299.8,0.170434
17314.5,0.3909
17329.1,0.359138
17343.8,0.291367
17358.4,0.374814
17373,0.184748
17387.7,0.152421
17402.3,0.105438
17417,0.0919617
17431.6,0.126944
17446.3,0.179605
17460.9,0.235973
17475.6,0.0991693
17490.2,0.404241
17504.9,0.284024
17519.5,0.207786
17534.2,0.333277
17548.8,0.401567
17563.5,0.328948
17578.1,0.186522
17592.8,0.116044
17607.4,0.397558
17622.1,0.497312
17636.7,0.285236
17651.4,0.369369
17666,0.259056
17680.7,0.835301
17695.3,2.96628
17710,1.0205
17724.6,3.47452
17739.3,3.43095
17753.9,1.6741
17768.6,3.3472
17783.2,3.21372
17797.9,0.249761
17812.5,0.802711
17827.1,0.327442
17841.8,0.453563
17856.4,0.498836
17871.1,0.42503
17885.7,0.219562
17900.4,0.130755
17915,0.0600628
17929.7,0.212597
17944.3,0.212408
17959,0.348927
17973.6,0.447943
17988.3,0.198158
18002.9,0.139367
18017.6,0.280099
18032.2,0.498209
18046.9,0.284266
18061.5,0.342432
18076.2,0.495473
18090.8,0.427292
18105.5,0.319997
18120.1,0.119076
18134.8,0.153136
18149.4,0.307686
18164.1,0.343407
18178.7,0.886252
18193.4,0.452661
18208,0.310021
18222.7,0.389622
18237.3,0.752541
18252,0.309622
18266.6,0.44969
18281.3,0.457949
18295.9,0.197169
18310.5,0.68937
18325.2,0.552415
18339.8,0.203016
18354.5,0.228302
18369.1,0.139262
18383.8,0.441839
18398.4,0.439593
18413.1,0.308987
18427.7,0.446207
18442.4,0.215757
18457,0.300882
18471.7,0.579542
18486.3,0.251936
18501,1.56197
18515.6,0.94731
18530.3,0.881621
18544.9,0.310711
18559.6,0.160191
18574.2,1.48827
18588.9,0.975645
18603.5,1.05917
18618.2,0.898815
18632.8,0.377594
18647.5,0.932661
18662.1,0.297786
18676.8,0.563516
18691.4,0.0498856
18706.1,0.284796
18720.7,0.0985088
18735.4,0.559083
18750,0.298763
18764.6,0.214389
18779.3,0.854833
18793.9,0.136734
18808.6,1.04375
18823.2,0.134533
18837.9,0.413656
18852.5,0.441781
18867.2,0.248121
18881.8,1.46768
18896.5,0.3825
18911.1,0.586342
18925.8,0.58586
18940.4,0.418437
18955.1,0.233261
18969.7,0.398105
18984.4,0.379216
18999,0.224141
19013.7,0.123861
19028.3,0.15784
19043,0.104849
19057.6,0.0984734
19072.3,0.228695
19086.9,0.0664739
19101.6,0.373328
19116.2,0.372257
19130.9,0.140122
19145.5,0.174869
19160.2,0.270888
19174.8,0.115346
19189.5,0.298613
19204.1,0.0965519
19218.8,0.129126
19233.4,0.321594
19248,0.179085
19262.7,0.424556
19277.3,0.0456873
19292,0.304049
19306.6,0.132289
19321.3,0.0369343
19335.9,0.283872
19350.6,0.279491
19365.2,0.317313
19379.9,0.129854
19394.5,0.109948
19409.2,0.134667
19423.8,0.101925
19438.5,0.30235
19453.1,0.247231
19467.8,0.0770124
19482.4,0.175874
19497.1,0.297775
19511.7,0.188246
19526.4,0.0873833
19541,0.346067
19555.7,0.268286
19570.3,0.271274
19585,0.245411
19599.6,0.0889556
19614.3,0.206541
19628.9,0.119244
19643.6,0.222684
19658.2,0.14949
19672.9,0.565276
19687.5,0.301301
19702.1,0.0960824
19716.8,0.390266
19731.4,0.0197444
19746.1,0.453562
19760.7,0.619285
19775.4,0.895339
19790,0.221735
19804.7,0.209335
19819.3,0.138543
19834,0.286207
19848.6,0.258676
19863.3,0.418898
19877.9,0.361423
19892.6,0.0732442
19907.2,0.297808
19921.9,0.296175
19936.5,0.250379
19951.2,0.181511
19965.8,0.176822
19980.5,0.200166
19995.1,0.397369
20009.8,0.0356033
20024.4,0.164346
20039.1,0.583922
20053.7,0.394549
20068.4,0.122685
20083,0.113741
20097.7,0.138716
20112.3,0.143075
20127,0.153815
20141.6,0.069833
20156.3,0.17223
20170.9,0.719337
20185.5,0.203895
20200.2,0.0396033
20214.8,0.108348
20229.5,0.0891136
20244.1,0.128553
20258.8,0.310729
20273.4,0.193319
20288.1,0.157553
20302.7,0.354357
20317.4,0.337132
20332,0.0382415
20346.7,0.254025
20361.3,0.280612
20376,0.15893
20390.6,0.0715494
20405.3,0.151374
20419.9,0.350567
20434.6,0.0432841
20449.2,0.152255
20463.9,0.264296
20478.5,0.299201
20493.2,0.195891
20507.8,0.330303
20522.5,0.217754
20537.1,0.160672
20551.8,0.0907471
20566.4,0.149414
20581.1,0.2752
20595.7,0.351705
20610.4,0.252574
20625,0.0637812
20639.6,0.375403
20654.3,0.119378
20668.9,0.134325
20683.6,0.104001
20698.2,0.033829
20712.9,0.00359844
20727.5,0.192207
20742.2,0.155068
20756.8,0.166609
20771.5,0.270928
20786.1,0.108047
20800.8,0.3086
20815.4,0.116645
20830.1,0.202018
20844.7,0.270002
20859.4,0.29704
20874,0.0551038
20888.7,0.0797229
20903.3,0.124552
20918,0.327186
20932.6,0.264367
20947.3,0.112058
20961.9,0.280726
20976.6,0.211666
20991.2,0.120059
21005.9,0.0988442
21020.5,0.230259
21035.2,0.131116
21049.8,0.202697
21064.5,0.0957969
21079.1,0.208425
21093.8,0.10496
21108.4,0.259521
21123,0.453197
21137.7,0.207213
21152.3,0.0637426
21167,0.184303
21181.6,0.423823
21196.3,0.0206863
21210.9,0.157113
21225.6,0.167619
21240.2,0.195837
21254.9,0.149394
21269.5,0.0761147
21284.2,0.150643
21298.8,0.0890159
21313.5,0.248611
21328.1,0.297426
21342.8,0.312406
21357.4,0.222302
21372.1,0.0852955
21386.7,0.0372755
21401.4,0.205222
21416,0.00962958
21430.7,0.156305
21445.3,0.198038
21460,0.322186
21474.6,0.271832
21489.3,0.209226
21503.9,0.190139
21518.6,0.427385
21533.2,0.266137
21547.9,0.270955
21562.5,0.0898804
21577.1,0.270105
21591.8,0.182144
21606.4,0.156709
21621.1,0.107376
21635.7,0.265154
21650.4,0.161244
21665,0.143021
21679.7,0.105557
21694.3,0.239763
21709,0.168535
21723.6,0.199901
21738.3,0.174535
21752.9,0.264886
21767.6,0.18299
21782.2,0.173861
21796.9,0.176624
21811.5,0.342599
21826.2,0.0468669
21840.8,0.283442
21855.5,0.266139
21870.1,0.079792
21884.8,0.219477
21899.4,0.151102
21914.1,0.225869
21928.7,0.164974
21943.4,0.465738
21958,0.25962
21972.7,0.0884311
21987.3,0.277108
22002,0.0501267
22016.6,0.263973
22031.3,0.285529
22045.9,0.288226
22060.5,0.170417
22075.2,0.0257034
22089.8,0.141077
22104.5,0.209344
22119.1,0.270694
22133.8,0.131536
22148.4,0.15226
22163.1,0.313846
22177.7,0.278127
22192.4,0.0976761
22207,0.168292
22221.7,0.266514
22236.3,0.333279
22251,0.114207
22265.6,0.192418
22280.3,0.328237
22294.9,0.131304
22309.6,0.18629
22324.2,0.0989851
22338.9,0.344103
22353.5,0.410759
22368.2,0.321108
22382.8,0.0146703
22397.5,0.268526
22412.1,0.220793
22426.8,0.249
22441.4,0.157399
22456.1,0.0445843
22470.7,0.182347
22485.4,0.104742
22500,0.207844
22514.6,0.0726375
22529.3,0.125275
22543.9,0.113336
22558.6,0.0871778
22573.2,0.120393
22587.9,0.339694
22602.5,0.110801
22617.2,0.0860593
22631.8,0.177312
22646.5,0.199206
22661.1,0.0586997
22675.8,0.124838
22690.4,0.0838574
22705.1,0.226969
22719.7,0.152939
22734.4,0.116528
22749,0.256693
22763.7,0.0969694
22778.3,0.242434
22793,0.25106
22807.6,0.229869
22822.3,0.245214
22836.9,0.295439
22851.6,0.10983
22866.2,0.198796
22880.9,0.488864
22895.5,0.19053
22910.2,0.266275
22924.8,0.0582647
22939.5,0.0656302
22954.1,0.043419
22968.8,0.111274
22983.4,0.0158736
22998,0.142335
23012.7,0.127369
23027.3,0.193542
23042,0.0735706
23056.6,0.205785
23071.3,0.0844878
23085.9,0.22749
23100.6,0.194221
23115.2,0.269197
23129.9,0.166107
23144.5,0.202711
23159.2,0.250308
23173.8,0.0212671
23188.5,0.148804
23203.1,0.0969268
23217.8,0.134527
23232.4,0.0835641
23247.1,0.217544
23261.7,0.256642
23276.4,0.125934
23291,0.12931
23305.7,0.12311
23320.3,0.229022
23335,0.110117
23349.6,0.485716
23364.3,0.0987246
23378.9,0.154547
23393.6,0.162983
23408.2,0.369888
23422.9,0.0458609
23437.5,0.437224
23452.1,0.217713
23466.8,0.268441
23481.4,0.494655
23496.1,0.289255
23510.7,0.0876239
23525.4,0.571947
23540,0.277284
23554.7,0.0786559
23569.3,0.291256
23584,0.069524
23598.6,0.150868
23613.3,0.168925
23627.9,0.383673
23642.6,0.0944322
23657.2,0.0979625
23671.9,0.346052
23686.5,0.219303
23701.2,0.0589162
23715.8,0.11958
23730.5,0.204192
23745.1,0.203503
23759.8,0.0664031
23774.4,0.141955
23789.1,0.234107
23803.7,0.167008
23818.4,0.132193
23833,0.208471
23847.7,0.358359
23862.3,0.227461
23877,0.46316
23891.6,0.0688398
23906.3,0.342882
23920.9,0.126514
23935.5,0.335768
23950.2,0.418215
23964.8,0.341743
23979.5,0.153831
23994.1,0.249175
24008.8,0.236707
24023.4,0.11652
24038.1,0.200794
24052.7,0.239327
24067.4,0.175559
24082,0.191211
24096.7,0.135356
24111.3,0.130577
24126,0.31138
24140.6,0.262506
24155.3,0.368339
24169.9,0.18897
24184.6,0.185542
24199.2,0.262236
24213.9,0.187457
24228.5,0.135137
24243.2,0.156557
24257.8,0.237164
24272.5,0.274691
24287.1,0.182733
24301.8,0.328855
24316.4,0.240488
24331.1,0.0552576
24345.7,0.0266481
24360.4,0.0525729
24375,0.221327
24389.6,0.105578
24404.3,0.231406
24418.9,0.170285
24433.6,0.147744
24448.2,0.102785
24462.9,0.0657291
24477.5,0.27007
24492.2,0.064648
24506.8,0.151162
24521.5,0.313402
24536.1,0.122988
24550.8,0.146544
24565.4,0.0966483
24580.1,0.0255287
24594.7,0.112795
24609.4,0.102767
24624,0.296216
24638.7,0.233303
24653.3,0.20218
24668,0.0797922
24682.6,0.266384
24697.3,0.121474
24711.9,0.109997
24726.6,0.128035
24741.2,0.174339
24755.9,0.109263
24770.5,0.0518057
24785.2,0.233513
24799.8,0.0989595
24814.5,0.171395
24829.1,0.239917
24843.8,0.0643102
24858.4,0.0951662
24873,0.0980782
24887.7,0.115158
24902.3,0.501781
24917,0.11339
24931.6,0.104261
24946.3,0.498741
24960.9,0.312344
24975.6,0.11408
24990.2,0.121358
25004.9,0.226355
25019.5,0.114742
25034.2,0.126885
25048.8,0.121247
25063.5,0.266796
25078.1,0.461712
25092.8,0.126683
25107.4,0.213471
25122.1,0.391548
25136.7,0.221187
25151.4,0.311244
25166,0.124834
25180.7,0.157409
25195.3,0.345844
25210,0.277621
25224.6,0.142659
25239.3,0.0749726
25253.9,0.290324
25268.6,0.236306
25283.2,0.0611916
25297.9,0.290762
25312.5,0.203027
25327.1,0.18278
25341.8,0.160996
25356.4,0.395646
25371.1,0.253964
25385.7,0.218341
25400.4,0.0856681
25415,0.157324
25429.7,0.251033
25444.3,0.157833
25459,0.305078
25473.6,0.128552
25488.3,0.300565
25502.9,0.104073
25517.6,0.190267
25532.2,0.0481175
25546.9,0.19894
25561.5,0.0840651
25576.2,0.049677
25590.8,0.146857
25605.5,0.348467
25620.1,0.164247
25634.8,0.219927
25649.4,0.0612511
25664.1,0.0950625
25678.7,0.305587
25693.4,0.147397
25708,0.354256
25722.7,0.169572
25737.3,0.189314
25752,0.13411
25766.6,0.111649
25781.3,0.262985
25795.9,0.1734
25810.5,0.02692
25825.2,0.0698915
25839.8,0.372497
25854.5,0.114192
25869.1,0.287699
25883.8,0.0834946
25898.4,0.230535
25913.1,0.193173
25927.7,0.108398
25942.4,0.102794
25957,0.322342
25971.7,0.10005
25986.3,0.121926
26001,0.2476
26015.6,0.17606
26030.3,0.282715
26044.9,0.151921
26059.6,0.223489
26074.2,0.250728
26088.9,0.125048
26103.5,0.1793
26118.2,0.250542
26132.8,0.304191
26147.5,0.0692885
26162.1,0.196023
26176.8,0.0801017
26191.4,0.258898
26206.1,0.161295
26220.7,0.156394
26235.4,0.0788178
26250,0.0780721
26264.6,0.0885925
26279.3,0.236673
26293.9,0.144601
26308.6,0.17537
26323.2,0.0211412
26337.9,0.37916
26352.5,0.275097
26367.2,0.143753
26381.8,0.119733
26396.5,0.0396544
26411.1,0.233245
26425.8,0.319092
26440.4,0.308109
26455.1,0.262538
26469.7,0.106868
26484.4,0.124065
26499,0.130256
26513.7,0.282924
26528.3,0.256916
26543,0.281426
26557.6,0.198943
26572.3,0.20754
26586.9,0.210956
26601.6,0.452257
26616.2,0.232456
26630.9,0.26976
26645.5,0.191197
26660.2,0.157163
26674.8,0.216343
26689.5,0.165703
26704.1,0.161279
26718.8,0.245565
26733.4,0.147268
26748,0.145968
26762.7,0.0783376
26777.3,0.0211613
26792,0.210399
26806.6,0.117886
26821.3,0.243014
26835.9,0.0842671
26850.6,0.112238
26865.2,0.388891
26879.9,0.185244
26894.5,0.178799
26909.2,0.217369
26923.8,0.24102
26938.5,0.179745
26953.1,0.323438
26967.8,0.171562
26982.4,0.311656
26997.1,0.209986
27011.7,0.109568
27026.4,0.0481317
27041,0.110734
27055.7,0.284462
27070.3,0.196926
27085,0.265315
27099.6,0.267721
27114.3,0.221208
27128.9,0.12987
27143.6,0.395823
27158.2,0.597478
27172.9,0.231843
27187.5,0.0213933
27202.1,0.173983
27216.8,0.292181
27231.4,0.0942929
27246.1,0.31252
27260.7,0.458465
27275.4,0.262156
27290,0.0767514
27304.7,0.468305
27319.3,0.0984442
27334,0.260161
27348.6,0.208359
27363.3,0.176039
27377.9,0.22046
27392.6,0.0775384
27407.2,0.0183302
27421.9,0.0320179
27436.5,0.266829
27451.2,0.0941422
27465.8,0.0754547
27480.5,0.367375
27495.1,0.175662
27509.8,0.0470583
27524.4,0.314933
27539.1,0.00788446
27553.7,0.443765
27568.4,0.12442
27583,0.108071
27597.7,0.0548576
27612.3,0.0894048
27627,0.143376
27641.6,0.170957
27656.3,0.135381
27670.9,0.24736
27685.5,0.168684
27700.2,0.397048
27714.8,0.00891207
27729.5,0.271343
27744.1,0.187935
27758.8,0.321558
27773.4,0.177015
27788.1,0.172111
27802.7,0.236417
27817.4,0.142534
27832,0.406406
27846.7,0.230671
27861.3,0.0844636
27876,0.151004
27890.6,0.301096
27905.3,0.293271
27919.9,0.0654223
27934.6,0.106806
27949.2,0.120604
27963.9,0.219575
27978.5,0.0673136
27993.2,0.188006
28007.8,0.360075
28022.5,0.343795
28037.1,0.14443
28051.8,0.114618
28066.4,0.115658
28081.1,0.119154
28095.7,0.279602
28110.4,0.159509
28125,0.0897133
28139.6,0.0755721
28154.3,0.254118
28168.9,0.295288
28183.6,0.21165
28198.2,0.351235
28212.9,0.123464
28227.5,0.0952018
28242.2,0.132006
28256.8,0.201278
28271.5,0.298915
28286.1,0.260305
28300.8,0.181011
28315.4,0.239149
28330.1,0.0290982
28344.7,0.187138
28359.4,0.216199
28374,0.261954
28388.7,0.0727817
28403.3,0.350586
28418,0.180755
28432.6,0.151872
28447.3,0.118707
28461.9,0.108588
28476.6,0.0986155
28491.2,0.240473
28505.9,0.0509558
28520.5,0.277719
28535.2,0.209904
28549.8,0.226891
28564.5,0.346673
28579.1,0.113716
28593.8,0.355299
28608.4,0.277801
28623,0.490893
28637.7,0.505127
28652.3,0.155682
28667,0.263847
28681.6,0.0940742
28696.3,0.714057
28710.9,0.342084
28725.6,0.0606458
28740.2,0.247162
28754.9,0.097129
28769.5,0.00711587
28784.2,0.0366048
28798.8,0.298476
28813.5,0.230433
28828.1,0.268874
28842.8,0.142743
28857.4,0.161611
28872.1,0.22095
28886.7,0.541971
28901.4,0.135826
28916,0.222329
28930.7,0.257238
28945.3,0.0827535
28960,0.495006
28974.6,0.170787
28989.3,0.402579
29003.9,0.151878
29018.6,0.230422
29033.2,0.135581
29047.9,0.648998
29062.5,0.181519
29077.1,0.35725
29091.8,0.452041
29106.4,0.155952
29121.1,0.297463
29135.7,0.116269
29150.4,0.0416521
29165,0.278737
29179.7,0.354432
29194.3,0.330327
29209,0.18177
29223.6,0.431805
29238.3,0.376297
29252.9,0.234898
29267.6,0.0849665
29282.2,0.129772
29296.9,0.204877
29311.5,0.327373
29326.2,0.257899
29340.8,0.288537
29355.5,0.250337
29370.1,0.168682
29384.8,0.155463
29399.4,0.0725774
29414.1,0.0272501
29428.7,0.00157355
29443.4,0.40023
29458,0.404718
29472.7,0.214689
29487.3,0.218879
29502,0.216718
29516.6,0.463076
29531.3,0.255559
29545.9,0.228258
29560.5,0.070594
29575.2,0.40613
29589.8,0.233236
29604.5,0.155287
29619.1,0.19292
29633.8,0.44159
29648.4,0.0371385
29663.1,0.162982
29677.7,0.23435
29692.4,0.361582
29707,0.14161
29721.7,0.172762
29736.3,0.404826
29751,0.155308
29765.6,0.185398
29780.3,0.151424
29794.9,0.227078
29809.6,0.299448
29824.2,0.391271
29838.9,0.124837
29853.5,0.282283
29868.2,0.306223
29882.8,0.252323
29897.5,0.396647
29912.1,0.305186
29926.8,0.0700199
29941.4,0.154227
29956.1,0.307116
29970.7,0.0369615
29985.4,0.175082
