0,8.30567
1.66667e-005,2.65613
3.33333e-005,1.01186
5e-005,4.89065
6.66667e-005,4.21607
8.33333e-005,7.33597
0.0001,4.67984
0.000116667,2.27668
0.000133333,-0.252964
0.00015,3.3307
0.000166667,3.37286
0.000183333,0.54809
0.0002,3.83663
0.000216667,0.716733
0.000233333,3.66798
0.00025,2.10804
0.000266667,2.31884
0.000283333,3.79447
0.0003,6.53491
0.000316667,6.78788
0.000333333,4.08959
0.00035,2.95125
0.000366667,2.74045
0.000383333,6.07115
0.0004,0.54809
0.000416667,-1.81291
0.000433333,7.67325
0.00045,4.80632
0.000466667,1.51779
0.000483333,4.08959
0.0005,4.3004
0.000516667,0.463768
0.000533333,2.40316
0.00055,2.82477
0.000566667,6.78788
0.000583333,1.60211
0.0006,9.0224
0.000616667,3.71014
0.000633333,2.52964
0.00065,5.35441
0.000666667,6.95652
0.000683333,-1.05402
0.0007,3.03557
0.000716667,0.843215
0.000733333,-2.82477
0.00075,5.4809
0.000766667,3.11989
0.000783333,3.62582
0.0008,-4.04743
0.000816667,6.83004
0.000833333,1.47563
0.00085,-1.3913
0.000866667,5.94466
0.000883333,8.55863
0.0009,-1.77075
0.000916667,1.93939
0.000933333,4.38472
0.00095,0.801054
0.000966667,-1.89723
0.000983333,4.93281
0.001,4.97497
0.00101667,-2.74045
0.00103333,0.0843215
0.00105,6.70356
0.00106667,0.843215
0.00108333,-0.463768
0.0011,7.42029
0.00111667,3.11989
0.00113333,-1.51779
0.00115,1.3913
0.00116667,7.79974
0.00118333,-4.42688
0.0012,0.337286
0.00121667,3.62582
0.00123333,0.801054
0.00125,-0.168643
0.00126667,4.38472
0.00128333,0.716733
0.0013,0.758893
0.00131667,8.64295
0.00133333,0.885375
0.00135,-4.42688
0.00136667,4.93281
0.00138333,5.98682
0.0014,-5.35441
0.00141667,3.96311
0.00143333,1.55995
0.00145,-2.69829
0.00146667,1.60211
0.00148333,2.23452
0.0015,2.19236
0.00151667,0.54809
0.00153333,3.11989
0.00155,-1.47563
0.00156667,-0.379447
0.00158333,4.5112
0.0016,3.5415
0.00161667,-0.337286
0.00163333,5.77602
0.00165,5.39657
0.00166667,0.59025
0.00168333,0
0.0017,6.19763
0.00171667,0.168643
0.00173333,-1.72859
0.00175,4.17391
0.00176667,3.11989
0.00178333,0.210804
0.0018,1.30698
0.00181667,-1.98155
0.00183333,-1.22266
0.00185,2.65613
0.00186667,3.3307
0.00188333,-5.01713
0.0019,2.23452
0.00191667,5.60738
0.00193333,-1.05402
0.00195,1.55995
0.00196667,4.722
0.00198333,-1.77075
0.002,1.1805
0.00201667,5.77602
0.00203333,0.421607
0.00205,-4.3004
0.00206667,4.89065
0.00208333,-1.01186
0.0021,-1.81291
0.00211667,4.04743
0.00213333,6.11331
0.00215,-5.64954
0.00216667,1.30698
0.00218333,4.42688
0.0022,-1.93939
0.00221667,2.57181
0.00223333,5.35441
0.00225,0.801054
0.00226667,-1.13834
0.00228333,5.56522
0.0023,-0.801054
0.00231667,-2.78261
0.00233333,2.99341
0.00235,6.28195
0.00236667,-0.801054
0.00238333,0.969697
0.0024,2.90909
0.00241667,-2.19236
0.00243333,2.44532
0.00245,1.22266
0.00246667,-0.674572
0.00248333,-3.87879
0.0025,0.59025
0.00251667,0.0843215
0.00253333,-1.3913
0.00255,0.337286
0.00256667,6.11331
0.00258333,0
0.0026,0.927536
0.00261667,0.801054
0.00263333,2.74045
0.00265,0.54809
0.00266667,4.89065
0.00268333,4.5112
0.0027,1.01186
0.00271667,1.05402
0.00273333,3.66798
0.00275,-3.92095
0.00276667,-1.26482
0.00278333,1.47563
0.0028,1.01186
0.00281667,0.337286
0.00283333,-1.3913
0.00285,-0.379447
0.00286667,6.74572
0.00288333,0.59025
0.0029,1.34914
0.00291667,-0.126482
0.00293333,0.295125
0.00295,1.3913
0.00296667,1.64427
0.00298333,0.379447
0.003,1.22266
0.00301667,4.3004
0.00303333,-0.295125
0.00305,-5.01713
0.00306667,2.82477
0.00308333,2.86693
0.0031,-1.85507
0.00311667,-1.51779
0.00313333,4.08959
0.00315,-3.58366
0.00316667,-2.40316
0.00318333,2.78261
0.0032,-4.67984
0.00321667,0.0421607
0.00323333,-0.927536
0.00325,3.87879
0.00326667,0.252964
0.00328333,3.20422
0.0033,-0.59025
0.00331667,1.13834
0.00333333,0.885375
0.00335,-0.843215
0.00336667,1.05402
0.00338333,1.09618
0.0034,4.17391
0.00341667,0.758893
0.00343333,3.5415
0.00345,-0.843215
0.00346667,5.64954
0.00348333,-0.295125
0.0035,5.81818
0.00351667,-0.801054
0.00353333,-0.421607
0.00355,1.47563
0.00356667,3.79447
0.00358333,-1.13834
0.0036,0.969697
0.00361667,4.55336
0.00363333,-0.168643
0.00365,5.31225
0.00366667,1.13834
0.00368333,-1.85507
0.0037,-1.26482
0.00371667,0.758893
0.00373333,0.168643
0.00375,2.10804
0.00376667,4.67984
0.00378333,-0.843215
0.0038,-3.79447
0.00381667,-0.337286
0.00383333,-1.77075
0.00385,-0.758893
0.00386667,2.69829
0.00388333,4.722
0.0039,-1.60211
0.00391667,0.716733
0.00393333,5.98682
0.00395,-2.02372
0.00396667,0.758893
0.00398333,3.92095
0.004,2.78261
0.00401667,-2.44532
0.00403333,3.66798
0.00405,2.1502
0.00406667,-1.98155
0.00408333,3.62582
0.0041,4.34256
0.00411667,-0.168643
0.00413333,-1.1805
0.00415,7.04084
0.00416667,-2.48748
0.00418333,-1.3913
0.0042,3.75231
0.00421667,4.722
0.00423333,-4.17391
0.00425,1.1805
0.00426667,0.632411
0.00428333,0.632411
0.0043,-4.25823
0.00431667,1.85507
0.00433333,0
0.00435,-2.02372
0.00436667,1.93939
0.00438333,1.68643
0.0044,-0.379447
0.00441667,2.78261
0.00443333,1.47563
0.00445,-2.19236
0.00446667,-0.252964
0.00448333,1.47563
0.0045,-0.716733
0.00451667,-3.11989
0.00453333,1.34914
0.00455,-5.10145
0.00456667,-1.34914
0.00458333,0.421607
0.0046,1.55995
0.00461667,-3.07773
0.00463333,-1.55995
0.00465,1.77075
0.00466667,-1.93939
0.00468333,1.34914
0.0047,2.86693
0.00471667,0.59025
0.00473333,-0.843215
0.00475,3.58366
0.00476667,1.3913
0.00478333,-1.77075
0.0048,3.96311
0.00481667,0.337286
0.00483333,0.843215
0.00485,1.64427
0.00486667,0.716733
0.00488333,0.843215
0.0049,-1.09618
0.00491667,2.1502
0.00493333,-1.85507
0.00495,-1.05402
0.00496667,-0.379447
0.00498333,-1.22266
0.005,-0.168643
0.00501667,1.81291
0.00503333,2.31884
0.00505,-4.00527
0.00506667,3.11989
0.00508333,3.5415
0.0051,-1.77075
0.00511667,1.3913
0.00513333,1.22266
0.00515,2.02372
0.00516667,3.66798
0.00518333,5.9025
0.0052,0.927536
0.00521667,-1.01186
0.00523333,1.30698
0.00525,-0.337286
0.00526667,0.843215
0.00528333,2.61397
0.0053,0
0.00531667,-2.69829
0.00533333,1.01186
0.00535,0.168643
0.00536667,-4.46904
0.00538333,1.89723
0.0054,4.21607
0.00541667,-4.722
0.00543333,1.89723
0.00545,2.82477
0.00546667,-0.295125
0.00548333,-1.51779
0.0055,0.927536
0.00551667,2.10804
0.00553333,-2.31884
0.00555,1.60211
0.00556667,-0.0843215
0.00558333,-2.82477
0.0056,-2.82477
0.00561667,2.65613
0.00563333,-3.03557
0.00565,1.60211
0.00566667,3.75231
0.00568333,-0.801054
0.0057,-1.60211
0.00571667,7.88406
0.00573333,-0.0843215
0.00575,-6.61924
0.00576667,4.80632
0.00578333,2.19236
0.0058,-4.80632
0.00581667,3.45718
0.00583333,3.5415
0.00585,-3.3307
0.00586667,1.34914
0.00588333,-0.0843215
0.0059,-0.674572
0.00591667,-1.30698
0.00593333,4.84848
0.00595,-0.801054
0.00596667,-0.54809
0.00598333,3.28854
0.006,1.89723
0.00601667,-3.58366
0.00603333,1.55995
0.00605,2.31884
0.00606667,-2.74045
0.00608333,1.22266
0.0061,3.3307
0.00611667,-0.337286
0.00613333,-0.59025
0.00615,2.361
0.00616667,1.93939
0.00618333,-1.81291
0.0062,2.61397
0.00621667,-0.927536
0.00623333,-0.54809
0.00625,-1.05402
0.00626667,3.11989
0.00628333,-1.47563
0.0063,-4.17391
0.00631667,0.674572
0.00633333,-0.801054
0.00635,-2.95125
0.00636667,2.27668
0.00638333,1.05402
0.0064,-0.421607
0.00641667,2.10804
0.00643333,0.59025
0.00645,-0.927536
0.00646667,1.89723
0.00648333,-1.85507
0.0065,-3.16206
0.00651667,2.31884
0.00653333,1.60211
0.00655,-1.51779
0.00656667,1.93939
0.00658333,0.210804
0.0066,-2.48748
0.00661667,-0.674572
0.00663333,5.27009
0.00665,-1.13834
0.00666667,3.83663
0.00668333,-0.758893
0.0067,-1.60211
0.00671667,2.40316
0.00673333,1.34914
0.00675,-1.89723
0.00676667,0.674572
0.00678333,1.51779
0.0068,3.3307
0.00681667,3.49934
0.00683333,-2.27668
0.00685,0.885375
0.00686667,0.463768
0.00688333,3.24638
0.0069,-1.51779
0.00691667,1.60211
0.00693333,0.801054
0.00695,-4.5112
0.00696667,2.02372
0.00698333,-1.09618
0.007,-4.25823
0.00701667,8.17918
0.00703333,-1.01186
0.00705,-1.26482
0.00706667,2.1502
0.00708333,-0.0421607
0.0071,-1.85507
0.00711667,4.67984
0.00713333,1.05402
0.00715,-1.68643
0.00716667,-1.1805
0.00718333,2.82477
0.0072,-3.62582
0.00721667,0.210804
0.00723333,4.55336
0.00725,-0.54809
0.00726667,-2.78261
0.00728333,1.26482
0.0073,1.68643
0.00731667,-1.1805
0.00733333,-0.0843215
0.00735,5.35441
0.00736667,1.22266
0.00738333,2.10804
0.0074,0.463768
0.00741667,4.46904
0.00743333,-0.0843215
0.00745,3.07773
0.00746667,4.08959
0.00748333,-0.126482
0.0075,0.210804
0.00751667,0.885375
0.00753333,-0.421607
0.00755,1.60211
0.00756667,2.27668
0.00758333,-2.52964
0.0076,1.55995
0.00761667,1.64427
0.00763333,1.05402
0.00765,-2.361
0.00766667,5.18577
0.00768333,-0.969697
0.0077,-1.68643
0.00771667,-1.64427
0.00773333,4.76416
0.00775,-1.3913
0.00776667,-0.337286
0.00778333,4.08959
0.0078,4.13175
0.00781667,-4.67984
0.00783333,1.93939
0.00785,-2.10804
0.00786667,-3.49934
0.00788333,-2.06588
0.0079,1.22266
0.00791667,1.98155
0.00793333,-3.66798
0.00795,1.30698
0.00796667,-0.252964
0.00798333,-0.252964
0.008,1.05402
0.00801667,0.632411
0.00803333,1.89723
0.00805,4.17391
0.00806667,-1.01186
0.00808333,-4.46904
0.0081,-1.22266
0.00811667,3.58366
0.00813333,-0.463768
0.00815,1.72859
0.00816667,1.55995
0.00818333,-2.361
0.0082,-2.40316
0.00821667,0.463768
0.00823333,1.60211
0.00825,-4.34256
0.00826667,3.28854
0.00828333,0.295125
0.0083,1.47563
0.00831667,2.10804
0.00833333,0.421607
0.00835,1.05402
0.00836667,-0.0843215
0.00838333,4.08959
0.0084,-3.07773
0.00841667,2.02372
0.00843333,3.87879
0.00845,0.0843215
0.00846667,-0.0843215
0.00848333,-1.01186
0.0085,1.72859
0.00851667,-0.463768
0.00853333,-1.64427
0.00855,-0.379447
0.00856667,-4.89065
0.00858333,1.1805
0.0086,1.60211
0.00861667,-1.47563
0.00863333,-1.68643
0.00865,5.94466
0.00866667,-0.0421607
0.00868333,1.43347
0.0087,1.60211
0.00871667,0.210804
0.00873333,0.463768
0.00875,-1.72859
0.00876667,1.05402
0.00878333,1.89723
0.0088,-3.41502
0.00881667,3.5415
0.00883333,-1.72859
0.00885,5.05929
0.00886667,-1.26482
0.00888333,-1.1805
0.0089,2.10804
0.00891667,0.421607
0.00893333,1.89723
0.00895,-1.98155
0.00896667,0.801054
0.00898333,1.13834
0.009,2.31884
0.00901667,3.96311
0.00903333,-0.843215
0.00905,0.168643
0.00906667,0.927536
0.00908333,0.59025
0.0091,1.81291
0.00911667,-5.10145
0.00913333,0.126482
0.00915,2.90909
0.00916667,-0.969697
0.00918333,-0.421607
0.0092,4.13175
0.00921667,0.463768
0.00923333,0.758893
0.00925,3.16206
0.00926667,1.22266
0.00928333,-3.5415
0.0093,0.337286
0.00931667,1.60211
0.00933333,0.379447
0.00935,0.843215
0.00936667,1.09618
0.00938333,-2.65613
0.0094,1.01186
0.00941667,1.09618
0.00943333,2.40316
0.00945,-2.31884
0.00946667,-0.632411
0.00948333,-0.969697
0.0095,6.91436
0.00951667,1.05402
0.00953333,5.01713
0.00955,1.34914
0.00956667,-0.505929
0.00958333,2.23452
0.0096,-0.59025
0.00961667,-0.0421607
0.00963333,0.295125
0.00965,0.843215
0.00966667,3.71014
0.00968333,1.81291
0.0097,3.71014
0.00971667,-1.09618
0.00973333,-2.10804
0.00975,6.32411
0.00976667,-2.65613
0.00978333,0.337286
0.0098,0.210804
0.00981667,1.85507
0.00983333,-3.16206
0.00985,5.86034
0.00986667,-1.3913
0.00988333,3.71014
0.0099,3.41502
0.00991667,-0.252964
0.00993333,-4.42688
0.00995,1.55995
0.00996667,-1.05402
0.00998333,-2.19236
0.01,0.0843215
0.0100167,-1.51779
0.0100333,0.210804
0.01005,-2.48748
0.0100667,-1.51779
0.0100833,-0.969697
0.0101,0.505929
0.0101167,-2.27668
0.0101333,1.77075
0.01015,-1.81291
0.0101667,1.98155
0.0101833,5.98682
0.0102,-1.60211
0.0102167,2.69829
0.0102333,0.843215
0.01025,0.463768
0.0102667,-2.40316
0.0102833,0.505929
0.0103,-3.28854
0.0103167,2.95125
0.0103333,-0.632411
0.01035,-0.927536
0.0103667,0.54809
0.0103833,3.11989
0.0104,-1.1805
0.0104167,-1.68643
0.0104333,-2.61397
0.01045,1.05402
0.0104667,0.295125
0.0104833,3.49934
0.0105,0.54809
0.0105167,1.51779
0.0105333,-0.54809
0.01055,2.361
0.0105667,-1.09618
0.0105833,-0.505929
0.0106,0.885375
0.0106167,1.22266
0.0106333,1.34914
0.01065,2.361
0.0106667,0.54809
0.0106833,-2.1502
0.0107,-2.31884
0.0107167,1.34914
0.0107333,3.87879
0.01075,0.969697
0.0107667,1.89723
0.0107833,1.77075
0.0108,0.337286
0.0108167,4.08959
0.0108333,5.01713
0.01085,0.126482
0.0108667,0.59025
0.0108833,3.71014
0.0109,2.361
0.0109167,0.421607
0.0109333,0.168643
0.01095,2.27668
0.0109667,1.81291
0.0109833,2.48748
0.011,2.86693
0.0110167,-1.3913
0.0110333,-1.64427
0.01105,0.379447
0.0110667,1.30698
0.0110833,-2.02372
0.0111,0.674572
0.0111167,1.72859
0.0111333,-0.0843215
0.01115,5.56522
0.0111667,2.40316
0.0111833,1.89723
0.0112,0
0.0112167,0.295125
0.0112333,-3.71014
0.01125,-2.31884
0.0112667,3.07773
0.0112833,0.632411
0.0113,-0.0421607
0.0113167,-3.20422
0.0113333,1.13834
0.01135,-2.02372
0.0113667,-0.252964
0.0113833,-1.13834
0.0114,-2.65613
0.0114167,0.421607
0.0114333,2.31884
0.01145,-2.69829
0.0114667,3.37286
0.0114833,3.83663
0.0115,-2.65613
0.0115167,3.28854
0.0115333,4.93281
0.01155,-2.82477
0.0115667,-2.95125
0.0115833,0.927536
0.0116,0.126482
0.0116167,-4.67984
0.0116333,1.05402
0.01165,-0.927536
0.0116667,-1.05402
0.0116833,-0.0421607
0.0117,3.16206
0.0117167,1.3913
0.0117333,1.34914
0.01175,-2.23452
0.0117667,3.5415
0.0117833,-1.34914
0.0118,4.80632
0.0118167,2.27668
0.0118333,1.1805
0.01185,2.40316
0.0118667,1.47563
0.0118833,1.47563
0.0119,-1.1805
0.0119167,0.379447
0.0119333,-0.295125
0.01195,-0.59025
0.0119667,3.5415
0.0119833,-1.1805
0.012,-1.47563
0.0120167,5.6917
0.0120333,-0.54809
0.01205,-1.09618
0.0120667,3.07773
0.0120833,0.505929
0.0121,-4.3004
0.0121167,2.19236
0.0121333,4.97497
0.01215,-0.927536
0.0121667,-1.72859
0.0121833,3.66798
0.0122,-1.64427
0.0122167,-1.13834
0.0122333,3.62582
0.01225,-1.09618
0.0122667,-3.66798
0.0122833,2.1502
0.0123,-0.0421607
0.0123167,-4.25823
0.0123333,2.06588
0.01235,3.96311
0.0123667,-3.07773
0.0123833,1.77075
0.0124,5.6917
0.0124167,-1.1805
0.0124333,1.05402
0.01245,3.03557
0.0124667,2.74045
0.0124833,-2.361
0.0125,2.10804
0.0125167,1.64427
0.0125333,0.126482
0.01255,0.0843215
0.0125667,2.1502
0.0125833,2.65613
0.0126,-3.87879
0.0126167,2.19236
0.0126333,1.09618
0.01265,0.463768
0.0126667,1.34914
0.0126833,6.11331
0.0127,-3.79447
0.0127167,2.99341
0.0127333,-1.26482
0.01275,-2.90909
0.0127667,1.85507
0.0127833,0.632411
0.0128,2.23452
0.0128167,-1.34914
0.0128333,1.05402
0.01285,-0.168643
0.0128667,-1.26482
0.0128833,2.90909
0.0129,2.19236
0.0129167,-1.3913
0.0129333,1.85507
0.01295,4.08959
0.0129667,-1.77075
0.0129833,0.59025
0.013,3.3307
0.0130167,2.82477
0.0130333,1.93939
0.01305,3.41502
0.0130667,1.64427
0.0130833,2.06588
0.0131,4.3004
0.0131167,2.95125
0.0131333,4.08959
0.01315,1.64427
0.0131667,1.47563
0.0131833,3.58366
0.0132,-0.337286
0.0132167,0.54809
0.0132333,1.1805
0.01325,2.65613
0.0132667,-2.52964
0.0132833,-0.168643
0.0133,-1.3913
0.0133167,0.885375
0.0133333,1.68643
0.01335,0.801054
0.0133667,-0.0843215
0.0133833,-0.758893
0.0134,3.3307
0.0134167,-3.75231
0.0134333,0.0421607
0.01345,0.927536
0.0134667,0.927536
0.0134833,0.0843215
0.0135,1.01186
0.0135167,-0.126482
0.0135333,0.463768
0.01355,2.95125
0.0135667,-1.3913
0.0135833,0.168643
0.0136,2.99341
0.0136167,-2.90909
0.0136333,-1.81291
0.01365,2.40316
0.0136667,2.361
0.0136833,-2.78261
0.0137,6.36627
0.0137167,-3.49934
0.0137333,-1.98155
0.01375,0.632411
0.0137667,6.70356
0.0137833,-3.45718
0.0138,4.00527
0.0138167,0.252964
0.0138333,0.632411
0.01385,-3.62582
0.0138667,3.83663
0.0138833,-2.65613
0.0139,-0.927536
0.0139167,2.361
0.0139333,0.126482
0.01395,-3.96311
0.0139667,1.1805
0.0139833,1.43347
0.014,0.337286
0.0140167,-0.379447
0.0140333,1.1805
0.01405,1.30698
0.0140667,-1.30698
0.0140833,2.44532
0.0141,3.03557
0.0141167,-0.0843215
0.0141333,-3.41502
0.01415,4.00527
0.0141667,-1.43347
0.0141833,-1.3913
0.0142,5.31225
0.0142167,-1.55995
0.0142333,-0.337286
0.01425,4.84848
0.0142667,-0.168643
0.0142833,-4.59552
0.0143,4.34256
0.0143167,2.82477
0.0143333,-1.68643
0.01435,1.05402
0.0143667,1.55995
0.0143833,-0.210804
0.0144,-0.54809
0.0144167,6.19763
0.0144333,-0.885375
0.01445,-4.00527
0.0144667,2.99341
0.0144833,3.11989
0.0145,-3.49934
0.0145167,4.5112
0.0145333,1.47563
0.01455,-2.40316
0.0145667,0.0421607
0.0145833,2.78261
0.0146,-0.252964
0.0146167,-0.885375
0.0146333,2.06588
0.01465,-0.54809
0.0146667,1.22266
0.0146833,-0.0421607
0.0147,2.19236
0.0147167,0.210804
0.0147333,1.55995
0.01475,2.19236
0.0147667,-0.295125
0.0147833,-0.758893
0.0148,2.40316
0.0148167,-1.22266
0.0148333,-3.07773
0.01485,3.49934
0.0148667,-0.59025
0.0148833,0.885375
0.0149,4.38472
0.0149167,3.92095
0.0149333,-1.55995
0.01495,1.93939
0.0149667,0.252964
0.0149833,-3.71014
0.015,-0.126482
0.0150167,1.1805
0.0150333,-3.5415
0.01505,-0.168643
0.0150667,3.87879
0.0150833,-2.10804
0.0151,0.421607
0.0151167,0.843215
0.0151333,0.252964
0.01515,-1.55995
0.0151667,1.85507
0.0151833,3.58366
0.0152,-2.95125
0.0152167,0.421607
0.0152333,6.83004
0.01525,-1.43347
0.0152667,2.57181
0.0152833,5.10145
0.0153,-3.37286
0.0153167,2.99341
0.0153333,4.93281
0.01535,-0.295125
0.0153667,-2.27668
0.0153833,3.3307
0.0154,3.03557
0.0154167,-3.87879
0.0154333,3.83663
0.01545,3.96311
0.0154667,-4.38472
0.0154833,2.02372
0.0155,3.66798
0.0155167,-0.843215
0.0155333,0.59025
0.01555,3.62582
0.0155667,1.81291
0.0155833,-2.78261
0.0156,1.30698
0.0156167,-0.54809
0.0156333,-0.463768
0.01565,1.09618
0.0156667,0.168643
0.0156833,-2.1502
0.0157,-2.06588
0.0157167,4.722
0.0157333,0.379447
0.01575,1.85507
0.0157667,1.55995
0.0157833,1.34914
0.0158,-2.06588
0.0158167,4.00527
0.0158333,2.19236
0.01585,-2.27668
0.0158667,2.90909
0.0158833,4.89065
0.0159,0.505929
0.0159167,1.64427
0.0159333,0.885375
0.01595,2.23452
0.0159667,0.0843215
0.0159833,1.1805
0.016,4.21607
0.0160167,-2.361
0.0160333,3.92095
0.01605,-0.126482
0.0160667,0.54809
0.0160833,1.13834
0.0161,1.3913
0.0161167,-0.337286
0.0161333,2.361
0.01615,-0.927536
0.0161667,1.43347
0.0161833,1.98155
0.0162,0.463768
0.0162167,0.927536
0.0162333,4.80632
0.01625,1.93939
0.0162667,-4.38472
0.0162833,4.59552
0.0163,4.59552
0.0163167,-1.72859
0.0163333,1.60211
0.01635,3.03557
0.0163667,-0.969697
0.0163833,3.62582
0.0164,-2.06588
0.0164167,-1.30698
0.0164333,-2.74045
0.01645,4.93281
0.0164667,1.98155
0.0164833,1.64427
0.0165,-2.44532
0.0165167,0
0.0165333,-0.337286
0.01655,1.22266
0.0165667,1.60211
0.0165833,2.82477
0.0166,-1.64427
0.0166167,2.19236
0.0166333,-0.758893
0.01665,-2.57181
0.0166667,3.24638
0.0166833,2.48748
0.0167,-2.40316
0.0167167,-0.0843215
0.0167333,5.77602
0.01675,0.927536
0.0167667,-0.252964
0.0167833,1.51779
0.0168,2.02372
0.0168167,1.64427
0.0168333,2.78261
0.01685,0.758893
0.0168667,-3.83663
0.0168833,-3.11989
0.0169,1.60211
0.0169167,3.45718
0.0169333,-0.168643
0.01695,-1.81291
0.0169667,-1.89723
0.0169833,4.84848
0.017,-0.126482
0.0170167,-3.83663
0.0170333,-0.505929
0.01705,0.210804
0.0170667,-0.59025
0.0170833,-1.22266
0.0171,-1.3913
0.0171167,-2.1502
0.0171333,3.07773
0.01715,-1.1805
0.0171667,-2.40316
0.0171833,1.47563
0.0172,1.43347
0.0172167,-2.95125
0.0172333,1.77075
0.01725,2.361
0.0172667,-1.47563
0.0172833,-0.632411
0.0173,7.12516
0.0173167,-5.73386
0.0173333,-2.361
0.01735,5.98682
0.0173667,0.210804
0.0173833,-3.66798
0.0174,1.47563
0.0174167,2.1502
0.0174333,-1.47563
0.01745,-0.674572
0.0174667,2.65613
0.0174833,-1.81291
0.0175,-1.1805
0.0175167,5.64954
0.0175333,-1.22266
0.01755,-2.27668
0.0175667,4.46904
0.0175833,2.95125
0.0176,0.632411
0.0176167,3.79447
0.0176333,5.05929
0.01765,-2.19236
0.0176667,3.5415
0.0176833,3.87879
0.0177,0.505929
0.0177167,-1.3913
0.0177333,0.337286
0.01775,-0.252964
0.0177667,-0.716733
0.0177833,4.93281
0.0178,0.758893
0.0178167,-4.59552
0.0178333,3.92095
0.01785,0.421607
0.0178667,-2.19236
0.0178833,6.23979
0.0179,3.37286
0.0179167,1.51779
0.0179333,5.01713
0.01795,3.28854
0.0179667,0.843215
0.0179833,-2.02372
0.018,5.35441
0.0180167,-3.62582
0.0180333,-3.83663
0.01805,5.6917
0.0180667,-2.90909
0.0180833,-1.43347
0.0181,3.75231
0.0181167,3.16206
0.0181333,-2.78261
0.01815,3.03557
0.0181667,-0.505929
0.0181833,-0.126482
0.0182,-0.505929
0.0182167,4.17391
0.0182333,-5.35441
0.01825,-0.210804
0.0182667,3.20422
0.0182833,-0.379447
0.0183,-0.632411
0.0183167,3.20422
0.0183333,2.44532
0.01835,-3.37286
0.0183667,1.26482
0.0183833,3.5415
0.0184,-5.22793
0.0184167,0.54809
0.0184333,2.74045
0.01845,-2.99341
0.0184667,2.40316
0.0184833,4.67984
0.0185,-0.337286
0.0185167,-4.89065
0.0185333,1.77075
0.01855,3.66798
0.0185667,-4.25823
0.0185833,-1.01186
0.0186,3.16206
0.0186167,-1.22266
0.0186333,0.295125
0.01865,4.3004
0.0186667,-2.40316
0.0186833,-0.843215
0.0187,0.885375
0.0187167,2.69829
0.0187333,-1.68643
0.01875,2.44532
0.0187667,4.84848
0.0187833,-1.13834
0.0188,2.19236
0.0188167,5.77602
0.0188333,-4.5112
0.01885,1.55995
0.0188667,1.85507
0.0188833,0.379447
0.0189,1.1805
0.0189167,6.70356
0.0189333,3.3307
0.01895,-6.91436
0.0189667,2.27668
0.0189833,3.45718
0.019,0.421607
0.0190167,-0.126482
0.0190333,-0.674572
0.01905,0.801054
0.0190667,1.55995
0.0190833,-1.13834
0.0191,0.801054
0.0191167,2.82477
0.0191333,0.505929
0.01915,2.95125
0.0191667,1.85507
0.0191833,-4.38472
0.0192,0.126482
0.0192167,3.16206
0.0192333,0.54809
0.01925,-3.41502
0.0192667,-0.168643
0.0192833,-3.3307
0.0193,3.20422
0.0193167,-0.716733
0.0193333,0.463768
0.01935,-3.96311
0.0193667,3.07773
0.0193833,-0.337286
0.0194,0.927536
0.0194167,-1.72859
0.0194333,3.3307
0.01945,4.76416
0.0194667,1.30698
0.0194833,1.81291
0.0195,1.22266
0.0195167,-2.02372
0.0195333,4.63768
0.01955,-0.0843215
0.0195667,-1.01186
0.0195833,1.13834
0.0196,3.20422
0.0196167,-2.86693
0.0196333,-3.66798
0.01965,0.0421607
0.0196667,0.59025
0.0196833,1.13834
0.0197,0.674572
0.0197167,2.90909
0.0197333,-0.463768
0.01975,2.31884
0.0197667,-0.674572
0.0197833,-2.78261
0.0198,-0.716733
0.0198167,2.52964
0.0198333,-0.295125
0.01985,0.126482
0.0198667,0.337286
0.0198833,-0.758893
0.0199,-0.168643
0.0199167,-2.48748
0.0199333,-4.5112
0.01995,2.44532
0.0199667,0.927536
0.0199833,-0.674572
0.02,4.04743
0.0200167,3.79447
0.0200333,-1.01186
0.02005,1.93939
0.0200667,6.83004
0.0200833,1.01186
0.0201,0
0.0201167,2.65613
0.0201333,1.72859
0.02015,-0.463768
0.0201667,4.89065
0.0201833,4.00527
0.0202,-4.21607
0.0202167,-2.44532
0.0202333,1.98155
0.02025,-4.97497
0.0202667,-1.93939
0.0202833,2.69829
0.0203,0.210804
0.0203167,-1.89723
0.0203333,4.55336
0.02035,4.00527
0.0203667,0.885375
0.0203833,3.24638
0.0204,3.96311
0.0204167,-4.13175
0.0204333,0.0421607
0.02045,3.62582
0.0204667,-2.40316
0.0204833,-4.80632
0.0205,1.30698
0.0205167,1.64427
0.0205333,-2.78261
0.02055,2.61397
0.0205667,3.83663
0.0205833,1.64427
0.0206,1.34914
0.0206167,6.11331
0.0206333,-1.22266
0.02065,1.1805
0.0206667,-0.927536
0.0206833,3.79447
0.0207,-5.77602
0.0207167,3.87879
0.0207333,1.72859
0.02075,-3.58366
0.0207667,0.758893
0.0207833,-0.632411
0.0208,-3.11989
0.0208167,0.843215
0.0208333,-1.60211
0.02085,-0.421607
0.0208667,3.75231
0.0208833,1.05402
0.0209,-0.674572
0.0209167,-1.64427
0.0209333,5.10145
0.02095,1.68643
0.0209667,-3.07773
0.0209833,4.5112
0.021,2.86693
0.0210167,-4.25823
0.0210333,3.11989
0.02105,4.63768
0.0210667,-6.74572
0.0210833,5.18577
0.0211,8.09486
0.0211167,-4.3004
0.0211333,0.758893
0.02115,2.44532
0.0211667,-4.34256
0.0211833,0.210804
0.0212,5.01713
0.0212167,-2.57181
0.0212333,-1.1805
0.02125,0.0843215
0.0212667,-0.252964
0.0212833,-4.21607
0.0213,6.45059
0.0213167,0.252964
0.0213333,-1.22266
0.02135,-1.01186
0.0213667,5.35441
0.0213833,-1.68643
0.0214,0.969697
0.0214167,1.77075
0.0214333,-2.65613
0.02145,1.05402
0.0214667,0.927536
0.0214833,1.55995
0.0215,-1.98155
0.0215167,-0.126482
0.0215333,4.5112
0.02155,-4.93281
0.0215667,1.22266
0.0215833,2.99341
0.0216,0.674572
0.0216167,-2.48748
0.0216333,6.99868
0.02165,1.64427
0.0216667,-0.54809
0.0216833,3.07773
0.0217,5.35441
0.0217167,-2.40316
0.0217333,-1.13834
0.02175,1.43347
0.0217667,-2.82477
0.0217833,2.44532
0.0218,4.3004
0.0218167,-4.13175
0.0218333,-2.57181
0.02185,-0.0843215
0.0218667,2.44532
0.0218833,0.758893
0.0219,5.05929
0.0219167,-4.21607
0.0219333,1.30698
0.02195,3.37286
0.0219667,1.72859
0.0219833,3.11989
0.022,1.01186
0.0220167,1.09618
0.0220333,1.34914
0.02205,0.379447
0.0220667,-2.40316
0.0220833,3.03557
0.0221,-0.505929
0.0221167,-3.20422
0.0221333,-1.85507
0.02215,0.54809
0.0221667,2.361
0.0221833,0.505929
0.0222,2.57181
0.0222167,-1.64427
0.0222333,0.969697
0.02225,0
0.0222667,1.64427
0.0222833,-4.17391
0.0223,5.98682
0.0223167,0.337286
0.0223333,4.93281
0.02235,0.674572
0.0223667,6.95652
0.0223833,-1.05402
0.0224,-3.62582
0.0224167,0.210804
0.0224333,2.19236
0.02245,-0.0421607
0.0224667,2.52964
0.0224833,3.07773
0.0225,0.168643
0.0225167,3.49934
0.0225333,0.632411
0.02255,0.716733
0.0225667,-3.41502
0.0225833,2.86693
0.0226,-0.0421607
0.0226167,-0.210804
0.0226333,-0.801054
0.02265,0.59025
0.0226667,-1.72859
0.0226833,3.28854
0.0227,1.81291
0.0227167,-2.10804
0.0227333,1.43347
0.02275,1.98155
0.0227667,-0.801054
0.0227833,-0.843215
0.0228,0.0421607
0.0228167,-0.379447
0.0228333,3.75231
0.02285,2.57181
0.0228667,-2.99341
0.0228833,3.41502
0.0229,5.6917
0.0229167,0.505929
0.0229333,3.37286
0.02295,1.1805
0.0229667,0.54809
0.0229833,0.969697
0.023,4.722
0.0230167,2.31884
0.0230333,-5.01713
0.02305,4.08959
0.0230667,-0.59025
0.0230833,-2.90909
0.0231,3.07773
0.0231167,4.84848
0.0231333,-4.13175
0.02315,-2.57181
0.0231667,2.1502
0.0231833,0.716733
0.0232,-4.84848
0.0232167,0.0421607
0.0232333,-0.252964
0.02325,-1.85507
0.0232667,5.4809
0.0232833,2.40316
0.0233,-6.07115
0.0233167,4.00527
0.0233333,3.03557
0.02335,-3.28854
0.0233667,-2.57181
0.0233833,5.01713
0.0234,-2.02372
0.0234167,-4.13175
0.0234333,0.632411
0.02345,3.66798
0.0234667,-3.16206
0.0234833,2.1502
0.0235,3.28854
0.0235167,-2.02372
0.0235333,-1.13834
0.02355,5.56522
0.0235667,3.16206
0.0235833,-3.03557
0.0236,3.37286
0.0236167,-1.34914
0.0236333,-0.758893
0.02365,3.24638
0.0236667,5.6917
0.0236833,-2.90909
0.0237,3.66798
0.0237167,0.168643
0.0237333,-0.337286
0.02375,4.38472
0.0237667,4.04743
0.0237833,-2.02372
0.0238,-0.505929
0.0238167,1.22266
0.0238333,0.927536
0.02385,-3.75231
0.0238667,4.21607
0.0238833,2.52964
0.0239,-6.36627
0.0239167,3.66798
0.0239333,1.55995
0.02395,-3.28854
0.0239667,4.89065
0.0239833,5.14361
0.024,-3.87879
0.0240167,4.25823
0.0240333,1.93939
0.02405,-3.5415
0.0240667,0.252964
0.0240833,4.63768
0.0241,-4.76416
0.0241167,-0.674572
0.0241333,5.05929
0.02415,-3.45718
0.0241667,-1.77075
0.0241833,7.083
0.0242,0.337286
0.0242167,-0.674572
0.0242333,3.28854
0.02425,2.90909
0.0242667,-4.17391
0.0242833,1.64427
0.0243,6.11331
0.0243167,-3.16206
0.0243333,-0.969697
0.02435,5.39657
0.0243667,-1.93939
0.0243833,0.54809
0.0244,5.31225
0.0244167,-2.52964
0.0244333,-2.40316
0.02445,3.16206
0.0244667,3.03557
0.0244833,-4.42688
0.0245,1.72859
0.0245167,0.252964
0.0245333,-3.07773
0.02455,-5.22793
0.0245667,2.78261
0.0245833,-1.60211
0.0246,-1.51779
0.0246167,1.09618
0.0246333,-0.843215
0.02465,-3.03557
0.0246667,3.24638
0.0246833,-0.421607
0.0247,-3.58366
0.0247167,-1.09618
0.0247333,3.96311
0.02475,-3.58366
0.0247667,1.01186
0.0247833,6.19763
0.0248,-1.81291
0.0248167,-4.25823
0.0248333,2.44532
0.02485,1.51779
0.0248667,-1.68643
0.0248833,-4.13175
0.0249,0.295125
0.0249167,-3.11989
0.0249333,2.69829
0.02495,-1.77075
0.0249667,-5.10145
0.0249833,1.30698
0.025,0.632411
0.0250167,0.421607
0.0250333,5.39657
0.02505,-2.31884
0.0250667,1.93939
0.0250833,1.51779
0.0251,2.57181
0.0251167,-1.55995
0.0251333,1.34914
0.02515,-0.210804
0.0251667,0.295125
0.0251833,3.66798
0.0252,1.30698
0.0252167,0.0843215
0.0252333,1.22266
0.02525,3.16206
0.0252667,-4.00527
0.0252833,2.31884
0.0253,0.716733
0.0253167,1.85507
0.0253333,-1.77075
0.02535,5.6917
0.0253667,-1.89723
0.0253833,-2.1502
0.0254,2.86693
0.0254167,4.84848
0.0254333,-2.69829
0.02545,4.67984
0.0254667,2.19236
0.0254833,0.758893
0.0255,1.09618
0.0255167,-0.758893
0.0255333,1.30698
0.02555,-2.69829
0.0255667,1.05402
0.0255833,-0.885375
0.0256,-0.505929
0.0256167,2.23452
0.0256333,0.421607
0.02565,0.0421607
0.0256667,1.64427
0.0256833,0.505929
0.0257,0.674572
0.0257167,2.361
0.0257333,2.99341
0.02575,1.72859
0.0257667,1.09618
0.0257833,1.05402
0.0258,0.0421607
0.0258167,-0.758893
0.0258333,-0.674572
0.02585,-2.40316
0.0258667,1.13834
0.0258833,9.0224
0.0259,0.295125
0.0259167,-2.57181
0.0259333,1.30698
0.02595,3.87879
0.0259667,0.421607
0.0259833,1.09618
0.026,5.05929
0.0260167,-7.33597
0.0260333,1.13834
0.02605,4.38472
0.0260667,-3.3307
0.0260833,3.5415
0.0261,4.5112
0.0261167,-2.27668
0.0261333,-4.13175
0.02615,3.96311
0.0261667,0.295125
0.0261833,-0.632411
0.0262,2.95125
0.0262167,3.62582
0.0262333,-4.76416
0.02625,0.758893
0.0262667,3.03557
0.0262833,-1.51779
0.0263,-4.04743
0.0263167,7.54677
0.0263333,-1.55995
0.02635,-1.93939
0.0263667,4.46904
0.0263833,0.927536
0.0264,0
0.0264167,0.969697
0.0264333,5.60738
0.02645,-4.34256
0.0264667,1.64427
0.0264833,1.77075
0.0265,1.26482
0.0265167,-1.22266
0.0265333,4.55336
0.02655,-0.758893
0.0265667,-4.25823
0.0265833,1.81291
0.0266,2.52964
0.0266167,-2.06588
0.0266333,1.22266
0.02665,1.3913
0.0266667,-2.65613
0.0266833,-4.25823
0.0267,3.45718
0.0267167,-0.505929
0.0267333,-1.68643
0.02675,2.99341
0.0267667,2.02372
0.0267833,-2.10804
0.0268,2.40316
0.0268167,1.55995
0.0268333,-0.210804
0.02685,2.02372
0.0268667,4.89065
0.0268833,1.22266
0.0269,-2.27668
0.0269167,0.252964
0.0269333,3.83663
0.02695,-0.379447
0.0269667,-1.3913
0.0269833,-0.210804
0.027,1.05402
0.0270167,1.98155
0.0270333,0.801054
0.02705,0.421607
0.0270667,2.31884
0.0270833,-1.3913
0.0271,-0.168643
0.0271167,1.09618
0.0271333,-2.361
0.02715,6.61924
0.0271667,-1.60211
0.0271833,2.40316
0.0272,2.65613
0.0272167,-0.210804
0.0272333,-0.168643
0.02725,5.31225
0.0272667,-3.41502
0.0272833,-2.23452
0.0273,-3.83663
0.0273167,-0.54809
0.0273333,-1.09618
0.02735,-1.68643
0.0273667,0.716733
0.0273833,-2.40316
0.0274,2.65613
0.0274167,0.210804
0.0274333,-0.59025
0.02745,1.64427
0.0274667,5.52306
0.0274833,0.210804
0.0275,1.09618
0.0275167,-1.3913
0.0275333,-0.59025
0.02755,-0.843215
0.0275667,2.19236
0.0275833,3.03557
0.0276,-0.927536
0.0276167,-0.168643
0.0276333,0.126482
0.02765,4.42688
0.0276667,1.77075
0.0276833,4.21607
0.0277,0.54809
0.0277167,-2.61397
0.0277333,5.52306
0.02775,3.07773
0.0277667,-0.337286
0.0277833,0.716733
0.0278,5.98682
0.0278167,-2.95125
0.0278333,3.5415
0.02785,1.60211
0.0278667,0.168643
0.0278833,-1.43347
0.0279,4.46904
0.0279167,-1.1805
0.0279333,1.60211
0.02795,1.22266
0.0279667,1.60211
0.0279833,-2.48748
0.028,4.93281
0.0280167,0.252964
0.0280333,-3.49934
0.02805,1.64427
0.0280667,2.57181
0.0280833,-0.632411
0.0281,0.210804
0.0281167,3.41502
0.0281333,3.41502
0.02815,-0.674572
0.0281667,5.22793
0.0281833,-0.59025
0.0282,-1.72859
0.0282167,2.06588
0.0282333,2.69829
0.02825,-3.24638
0.0282667,1.81291
0.0282833,-3.62582
0.0283,-0.54809
0.0283167,-3.28854
0.0283333,4.21607
0.02835,-2.82477
0.0283667,1.81291
0.0283833,3.71014
0.0284,1.22266
0.0284167,0.168643
0.0284333,5.39657
0.02845,-0.59025
0.0284667,2.90909
0.0284833,0.758893
0.0285,-1.05402
0.0285167,2.40316
0.0285333,0.716733
0.02855,-0.252964
0.0285667,-0.126482
0.0285833,1.22266
0.0286,0.59025
0.0286167,-1.47563
0.0286333,3.71014
0.02865,0.421607
0.0286667,-2.27668
0.0286833,0.337286
0.0287,1.55995
0.0287167,0.210804
0.0287333,1.47563
0.02875,1.43347
0.0287667,-0.337286
0.0287833,-1.72859
0.0288,2.23452
0.0288167,0.505929
0.0288333,-3.20422
0.02885,1.01186
0.0288667,3.71014
0.0288833,-0.674572
0.0289,-0.505929
0.0289167,1.3913
0.0289333,3.03557
0.02895,-0.716733
0.0289667,6.02899
0.0289833,6.11331
0.029,-3.41502
0.0290167,5.31225
0.0290333,-0.505929
0.02905,0.885375
0.0290667,4.34256
0.0290833,4.38472
0.0291,-3.37286
0.0291167,-0.126482
0.0291333,3.66798
0.02915,0.295125
0.0291667,2.65613
0.0291833,6.6614
0.0292,-0.0843215
0.0292167,-3.66798
0.0292333,8.60079
0.02925,-2.78261
0.0292667,0.59025
0.0292833,3.20422
0.0293,-2.99341
0.0293167,0.674572
0.0293333,0.674572
0.02935,2.65613
0.0293667,-0.168643
0.0293833,3.16206
0.0294,-1.01186
0.0294167,2.48748
0.0294333,1.72859
0.02945,-0.927536
0.0294667,-1.34914
0.0294833,2.10804
0.0295,-1.01186
0.0295167,-3.11989
0.0295333,-0.295125
0.02955,-1.51779
0.0295667,0.505929
0.0295833,6.45059
0.0296,0.758893
0.0296167,-0.210804
0.0296333,0.337286
0.02965,3.16206
0.0296667,2.31884
0.0296833,-1.26482
0.0297,-0.168643
0.0297167,2.1502
0.0297333,-2.90909
0.02975,3.96311
0.0297667,1.13834
0.0297833,-2.361
0.0298,3.58366
0.0298167,3.37286
0.0298333,2.31884
0.02985,0.59025
0.0298667,3.96311
0.0298833,1.47563
0.0299,1.89723
0.0299167,7.71542
0.0299333,2.44532
0.02995,-0.0421607
0.0299667,0.463768
0.0299833,3.58366
0.03,-4.55336
0.0300167,0.295125
0.0300333,1.98155
0.03005,-3.20422
0.0300667,-1.68643
0.0300833,0.674572
0.0301,-2.19236
0.0301167,-3.37286
0.0301333,5.6917
0.03015,-2.52964
0.0301667,-0.674572
0.0301833,2.27668
0.0302,4.3004
0.0302167,1.13834
0.0302333,-0.927536
0.03025,2.48748
0.0302667,-1.51779
0.0302833,0.0843215
0.0303,4.04743
0.0303167,-1.68643
0.0303333,4.17391
0.03035,-1.64427
0.0303667,-2.90909
0.0303833,-1.09618
0.0304,2.99341
0.0304167,2.1502
0.0304333,3.58366
0.03045,2.361
0.0304667,-2.57181
0.0304833,-0.463768
0.0305,3.96311
0.0305167,-0.379447
0.0305333,-2.19236
0.03055,6.53491
0.0305667,1.13834
0.0305833,-1.26482
0.0306,4.38472
0.0306167,2.99341
0.0306333,-2.90909
0.03065,0.674572
0.0306667,5.27009
0.0306833,-3.75231
0.0307,-1.43347
0.0307167,2.78261
0.0307333,-0.0421607
0.03075,-4.80632
0.0307667,-0.0843215
0.0307833,-0.0843215
0.0308,-4.55336
0.0308167,2.61397
0.0308333,4.97497
0.03085,3.45718
0.0308667,-0.758893
0.0308833,4.63768
0.0309,-0.421607
0.0309167,1.89723
0.0309333,-0.54809
0.03095,0.927536
0.0309667,-4.80632
0.0309833,3.07773
0.031,-1.26482
0.0310167,-4.46904
0.0310333,0.885375
0.03105,0.0421607
0.0310667,-0.337286
0.0310833,0
0.0311,2.65613
0.0311167,0.632411
0.0311333,-0.168643
0.03115,3.41502
0.0311667,-1.89723
0.0311833,-0.969697
0.0312,5.14361
0.0312167,2.06588
0.0312333,3.24638
0.03125,0.885375
0.0312667,-0.210804
0.0312833,-1.22266
0.0313,1.09618
0.0313167,-2.06588
0.0313333,-3.58366
0.03135,1.3913
0.0313667,1.05402
0.0313833,-3.11989
0.0314,2.02372
0.0314167,-0.54809
0.0314333,-0.337286
0.03145,9.40184
0.0314667,-2.61397
0.0314833,1.47563
0.0315,0.505929
0.0315167,2.27668
0.0315333,-2.90909
0.03155,2.23452
0.0315667,3.20422
0.0315833,0
0.0316,-3.20422
0.0316167,5.86034
0.0316333,-3.07773
0.03165,-3.87879
0.0316667,4.08959
0.0316833,-1.43347
0.0317,1.93939
0.0317167,4.80632
0.0317333,2.69829
0.03175,-0.843215
0.0317667,-0.716733
0.0317833,5.60738
0.0318,0.0843215
0.0318167,-0.295125
0.0318333,2.74045
0.03185,0.801054
0.0318667,-3.03557
0.0318833,0
0.0319,-2.48748
0.0319167,2.19236
0.0319333,1.09618
0.03195,0.632411
0.0319667,-6.49275
0.0319833,0.337286
0.032,0.295125
0.0320167,-1.26482
0.0320333,-2.90909
0.03205,2.02372
0.0320667,-4.46904
0.0320833,1.47563
0.0321,2.19236
0.0321167,2.52964
0.0321333,-1.09618
0.03215,-2.74045
0.0321667,3.87879
0.0321833,0.674572
0.0322,2.02372
0.0322167,0.126482
0.0322333,-0.210804
0.03225,5.60738
0.0322667,-0.54809
0.0322833,-3.62582
0.0323,4.34256
0.0323167,1.68643
0.0323333,-5.73386
0.03235,4.00527
0.0323667,0.168643
0.0323833,1.3913
0.0324,2.69829
0.0324167,4.63768
0.0324333,2.361
0.03245,-2.1502
0.0324667,3.03557
0.0324833,-2.19236
0.0325,-1.01186
0.0325167,1.1805
0.0325333,-1.55995
0.03255,-2.1502
0.0325667,2.23452
0.0325833,1.1805
0.0326,-2.69829
0.0326167,-0.716733
0.0326333,5.39657
0.03265,-3.49934
0.0326667,-4.67984
0.0326833,5.60738
0.0327,-1.3913
0.0327167,0.801054
0.0327333,5.01713
0.03275,2.40316
0.0327667,-2.74045
0.0327833,2.86693
0.0328,4.93281
0.0328167,1.01186
0.0328333,-2.78261
0.03285,4.13175
0.0328667,0.337286
0.0328833,-0.252964
0.0329,3.11989
0.0329167,-3.3307
0.0329333,-0.0421607
0.03295,1.51779
0.0329667,0.252964
0.0329833,-0.674572
0.033,7.63109
0.0330167,0.126482
0.0330333,3.58366
0.03305,3.16206
0.0330667,2.90909
0.0330833,-2.1502
0.0331,2.52964
0.0331167,0.463768
0.0331333,0.421607
0.03315,0.505929
0.0331667,2.10804
0.0331833,-1.85507
0.0332,-0.505929
0.0332167,3.20422
0.0332333,-3.83663
0.03325,-1.09618
0.0332667,3.96311
0.0332833,-3.03557
0.0333,-3.28854
0.0333167,5.81818
0.0333333,1.1805
0.03335,-1.43347
0.0333667,1.43347
0.0333833,0.379447
0.0334,-0.885375
0.0334167,3.20422
0.0334333,2.82477
0.03345,-1.64427
0.0334667,-3.62582
0.0334833,2.65613
0.0335,0.632411
0.0335167,-1.22266
0.0335333,5.31225
0.03355,-0.168643
0.0335667,-4.89065
0.0335833,3.66798
0.0336,3.41502
0.0336167,-0.210804
0.0336333,2.74045
0.03365,0.505929
0.0336667,0.421607
0.0336833,5.43874
0.0337,2.40316
0.0337167,1.13834
0.0337333,-0.54809
0.03375,2.1502
0.0337667,-2.57181
0.0337833,-1.05402
0.0338,1.68643
0.0338167,-1.01186
0.0338333,1.09618
0.03385,-0.0421607
0.0338667,1.60211
0.0338833,-3.3307
0.0339,-1.01186
0.0339167,2.52964
0.0339333,0.505929
0.03395,-0.927536
0.0339667,3.07773
0.0339833,4.63768
0.034,-0.252964
0.0340167,1.77075
0.0340333,2.40316
0.03405,-1.09618
0.0340667,-1.13834
0.0340833,4.59552
0.0341,1.89723
0.0341167,-1.89723
0.0341333,4.17391
0.03415,3.79447
0.0341667,-0.758893
0.0341833,-3.37286
0.0342,-2.69829
0.0342167,5.35441
0.0342333,-1.34914
0.03425,0.126482
0.0342667,-0.716733
0.0342833,0.379447
0.0343,-1.60211
0.0343167,2.44532
0.0343333,-0.632411
0.03435,2.31884
0.0343667,-1.89723
0.0343833,0.54809
0.0344,2.31884
0.0344167,-1.47563
0.0344333,3.03557
0.03445,3.45718
0.0344667,1.30698
0.0344833,-0.801054
0.0345,2.86693
0.0345167,2.10804
0.0345333,-0.59025
0.03455,2.95125
0.0345667,0.885375
0.0345833,0.59025
0.0346,1.47563
0.0346167,1.77075
0.0346333,0.632411
0.03465,3.07773
0.0346667,2.02372
0.0346833,1.47563
0.0347,-4.97497
0.0347167,4.42688
0.0347333,0.632411
0.03475,-1.60211
0.0347667,-0.885375
0.0347833,1.05402
0.0348,-0.59025
0.0348167,0.801054
0.0348333,2.06588
0.03485,4.84848
0.0348667,-4.55336
0.0348833,4.38472
0.0349,5.14361
0.0349167,-3.3307
0.0349333,0.463768
0.03495,2.86693
0.0349667,0.632411
0.0349833,-2.31884
0.035,4.63768
0.0350167,-0.295125
0.0350333,1.93939
0.03505,1.1805
0.0350667,3.75231
0.0350833,1.64427
0.0351,0.59025
0.0351167,1.22266
0.0351333,-4.21607
0.03515,1.85507
0.0351667,-0.0421607
0.0351833,-1.89723
0.0352,-4.08959
0.0352167,4.00527
0.0352333,-1.13834
0.03525,-1.85507
0.0352667,1.22266
0.0352833,0.295125
0.0353,-3.49934
0.0353167,-0.168643
0.0353333,3.03557
0.03535,-1.77075
0.0353667,-0.716733
0.0353833,-0.0421607
0.0354,2.69829
0.0354167,0.505929
0.0354333,-0.632411
0.03545,1.55995
0.0354667,1.13834
0.0354833,1.01186
0.0355,1.13834
0.0355167,-0.337286
0.0355333,0.632411
0.03555,1.09618
0.0355667,1.01186
0.0355833,4.38472
0.0356,-2.57181
0.0356167,1.26482
0.0356333,2.99341
0.03565,-1.47563
0.0356667,-3.37286
0.0356833,1.85507
0.0357,2.74045
0.0357167,1.68643
0.0357333,-1.72859
0.03575,0.295125
0.0357667,-0.0421607
0.0357833,-0.505929
0.0358,2.02372
0.0358167,-1.85507
0.0358333,0.927536
0.03585,-0.337286
0.0358667,3.24638
0.0358833,-1.64427
0.0359,2.65613
0.0359167,0.126482
0.0359333,0.210804
0.03595,1.3913
0.0359667,5.6917
0.0359833,-1.68643
0.036,0.885375
0.0360167,2.27668
0.0360333,-3.03557
0.03605,-2.65613
0.0360667,4.04743
0.0360833,1.26482
0.0361,-0.843215
0.0361167,2.57181
0.0361333,0.252964
0.03615,2.02372
0.0361667,1.05402
0.0361833,1.13834
0.0362,0.505929
0.0362167,1.3913
0.0362333,2.19236
0.03625,3.24638
0.0362667,-1.01186
0.0362833,0.801054
0.0363,0.421607
0.0363167,2.44532
0.0363333,-0.421607
0.03635,1.01186
0.0363667,-0.252964
0.0363833,-1.64427
0.0364,-1.26482
0.0364167,4.17391
0.0364333,-2.48748
0.03645,3.75231
0.0364667,0.252964
0.0364833,-2.99341
0.0365,0.252964
0.0365167,4.04743
0.0365333,1.93939
0.03655,-1.13834
0.0365667,-1.98155
0.0365833,1.81291
0.0366,0.168643
0.0366167,0.337286
0.0366333,0.210804
0.03665,1.98155
0.0366667,-0.59025
0.0366833,-5.01713
0.0367,3.5415
0.0367167,-1.05402
0.0367333,-3.11989
0.03675,1.34914
0.0367667,0.505929
0.0367833,-2.40316
0.0368,4.17391
0.0368167,3.37286
0.0368333,-2.74045
0.03685,1.98155
0.0368667,2.1502
0.0368833,-2.82477
0.0369,0.716733
0.0369167,4.55336
0.0369333,-1.60211
0.03695,-0.295125
0.0369667,4.34256
0.0369833,2.82477
0.037,-3.07773
0.0370167,0
0.0370333,5.60738
0.03705,1.09618
0.0370667,-4.46904
0.0370833,1.85507
0.0371,0.252964
0.0371167,3.16206
0.0371333,0.0843215
0.03715,1.77075
0.0371667,-1.3913
0.0371833,0.885375
0.0372,2.19236
0.0372167,-1.81291
0.0372333,2.48748
0.03725,1.13834
0.0372667,-1.81291
0.0372833,1.43347
0.0373,1.1805
0.0373167,-2.78261
0.0373333,1.43347
0.03735,0.295125
0.0373667,1.89723
0.0373833,0.168643
0.0374,-0.0843215
0.0374167,1.89723
0.0374333,-3.24638
0.03745,2.1502
0.0374667,-1.64427
0.0374833,1.43347
0.0375,3.92095
0.0375167,-0.295125
0.0375333,5.4809
0.03755,2.361
0.0375667,-2.65613
0.0375833,3.96311
0.0376,2.82477
0.0376167,2.40316
0.0376333,-0.252964
0.03765,-1.89723
0.0376667,0.0843215
0.0376833,-1.34914
0.0377,-0.337286
0.0377167,2.61397
0.0377333,-0.168643
0.03775,0.969697
0.0377667,1.26482
0.0377833,-2.82477
0.0378,-0.379447
0.0378167,-1.1805
0.0378333,2.52964
0.03785,-0.0421607
0.0378667,1.51779
0.0378833,2.61397
0.0379,1.30698
0.0379167,2.361
0.0379333,0.337286
0.03795,-0.421607
0.0379667,4.38472
0.0379833,1.60211
0.038,-0.801054
0.0380167,-1.93939
0.0380333,-0.463768
0.03805,4.46904
0.0380667,-0.421607
0.0380833,-2.19236
0.0381,0.801054
0.0381167,0.885375
0.0381333,3.41502
0.03815,0.126482
0.0381667,2.48748
0.0381833,1.09618
0.0382,-1.30698
0.0382167,-1.77075
0.0382333,6.32411
0.03825,-0.716733
0.0382667,2.361
0.0382833,-0.801054
0.0383,-1.98155
0.0383167,-0.337286
0.0383333,0.421607
0.03835,1.55995
0.0383667,0.758893
0.0383833,4.89065
0.0384,1.26482
0.0384167,-1.47563
0.0384333,2.78261
0.03845,3.28854
0.0384667,-4.13175
0.0384833,1.68643
0.0385,5.56522
0.0385167,0.969697
0.0385333,2.02372
0.03855,1.98155
0.0385667,-2.31884
0.0385833,-5.60738
0.0386,3.03557
0.0386167,4.3004
0.0386333,-1.81291
0.03865,0.54809
0.0386667,2.361
0.0386833,-4.84848
0.0387,1.3913
0.0387167,3.75231
0.0387333,2.74045
0.03875,-2.19236
0.0387667,2.99341
0.0387833,3.20422
0.0388,-1.26482
0.0388167,-0.801054
0.0388333,1.09618
0.03885,-2.74045
0.0388667,1.09618
0.0388833,3.16206
0.0389,-2.78261
0.0389167,-2.19236
0.0389333,5.52306
0.03895,-0.54809
0.0389667,-2.361
0.0389833,2.1502
0.039,-2.65613
0.0390167,-4.25823
0.0390333,5.31225
0.03905,-2.19236
0.0390667,-2.40316
0.0390833,1.81291
0.0391,4.38472
0.0391167,-4.80632
0.0391333,3.37286
0.03915,1.98155
0.0391667,-1.68643
0.0391833,-0.758893
0.0392,4.17391
0.0392167,-1.1805
0.0392333,-4.59552
0.03925,7.04084
0.0392667,-1.64427
0.0392833,-3.87879
0.0393,5.10145
0.0393167,2.52964
0.0393333,-5.05929
0.03935,3.5415
0.0393667,4.04743
0.0393833,0.252964
0.0394,-2.61397
0.0394167,4.59552
0.0394333,-5.6917
0.03945,4.63768
0.0394667,3.3307
0.0394833,0.379447
0.0395,-0.252964
0.0395167,5.31225
0.0395333,-1.60211
0.03955,-2.86693
0.0395667,3.20422
0.0395833,4.21607
0.0396,-3.20422
0.0396167,-0.295125
0.0396333,6.91436
0.03965,-2.90909
0.0396667,2.02372
0.0396833,2.74045
0.0397,-0.210804
0.0397167,0.421607
0.0397333,5.18577
0.03975,-1.64427
0.0397667,-4.76416
0.0397833,7.63109
0.0398,7.04084
0.0398167,-8.2635
0.0398333,1.13834
0.03985,3.20422
0.0398667,-4.42688
0.0398833,-0.126482
0.0399,1.1805
0.0399167,-1.68643
0.0399333,-1.93939
0.03995,1.3913
0.0399667,1.93939
0.0399833,-2.19236
0.04,3.28854
0.0400167,0.421607
0.0400333,0.0421607
0.04005,3.20422
0.0400667,3.16206
0.0400833,-2.52964
0.0401,-1.26482
0.0401167,0.0843215
0.0401333,-1.72859
0.04015,-5.31225
0.0401667,3.11989
0.0401833,-2.82477
0.0402,-0.843215
0.0402167,-0.295125
0.0402333,0.126482
0.04025,-3.45718
0.0402667,1.30698
0.0402833,1.26482
0.0403,1.47563
0.0403167,3.11989
0.0403333,1.3913
0.04035,2.40316
0.0403667,1.05402
0.0403833,1.22266
0.0404,1.47563
0.0404167,-0.969697
0.0404333,1.22266
0.04045,-1.89723
0.0404667,-1.98155
0.0404833,-1.68643
0.0405,0.801054
0.0405167,0.843215
0.0405333,-2.23452
0.04055,0.674572
0.0405667,2.27668
0.0405833,-0.210804
0.0406,-0.885375
0.0406167,2.40316
0.0406333,4.3004
0.04065,0.295125
0.0406667,0.0421607
0.0406833,3.28854
0.0407,4.21607
0.0407167,0.337286
0.0407333,-0.927536
0.04075,4.17391
0.0407667,0.295125
0.0407833,0.843215
0.0408,0.252964
0.0408167,-0.843215
0.0408333,0.252964
0.04085,4.34256
0.0408667,-1.30698
0.0408833,2.10804
0.0409,-0.885375
0.0409167,2.1502
0.0409333,-1.85507
0.04095,3.07773
0.0409667,-0.716733
0.0409833,2.02372
0.041,2.86693
0.0410167,1.34914
0.0410333,-0.210804
0.04105,3.75231
0.0410667,-0.969697
0.0410833,-0.0843215
0.0411,1.13834
0.0411167,0.463768
0.0411333,0.295125
0.04115,0.0843215
0.0411667,3.71014
0.0411833,-1.34914
0.0412,2.52964
0.0412167,2.61397
0.0412333,-1.72859
0.04125,-0.801054
0.0412667,3.20422
0.0412833,2.27668
0.0413,0.505929
0.0413167,2.95125
0.0413333,-0.632411
0.04135,-3.71014
0.0413667,2.82477
0.0413833,1.93939
0.0414,-0.969697
0.0414167,0.295125
0.0414333,4.00527
0.04145,-0.252964
0.0414667,-1.85507
0.0414833,3.5415
0.0415,-2.48748
0.0415167,-2.44532
0.0415333,-0.0843215
0.04155,-1.26482
0.0415667,-3.28854
0.0415833,4.25823
0.0416,-0.674572
0.0416167,-2.78261
0.0416333,-1.1805
0.04165,2.74045
0.0416667,-3.3307
0.0416833,1.55995
0.0417,1.1805
0.0417167,1.85507
0.0417333,-2.74045
0.04175,4.13175
0.0417667,-1.60211
0.0417833,-1.09618
0.0418,-1.51779
0.0418167,-1.60211
0.0418333,-1.43347
0.04185,1.1805
0.0418667,-1.47563
0.0418833,-0.54809
0.0419,2.23452
0.0419167,4.3004
0.0419333,0.843215
0.04195,0.126482
0.0419667,1.81291
0.0419833,0.168643
0.042,2.361
0.0420167,-3.20422
0.0420333,0.252964
0.04205,-0.295125
0.0420667,-1.26482
0.0420833,0.885375
0.0421,-0.210804
0.0421167,0.927536
0.0421333,-1.3913
0.04215,-0.168643
0.0421667,-0.0843215
0.0421833,3.07773
0.0422,-4.76416
0.0422167,-0.337286
0.0422333,4.13175
0.04225,2.48748
0.0422667,-0.59025
0.0422833,-0.168643
0.0423,-1.64427
0.0423167,0.59025
0.0423333,0.252964
0.04235,-0.885375
0.0423667,0.379447
0.0423833,1.60211
0.0424,0.126482
0.0424167,-3.20422
0.0424333,-2.06588
0.04245,1.1805
0.0424667,-2.69829
0.0424833,-0.463768
0.0425,2.361
0.0425167,1.13834
0.0425333,-1.68643
0.04255,2.65613
0.0425667,1.89723
0.0425833,1.51779
0.0426,4.34256
0.0426167,-0.295125
0.0426333,3.3307
0.04265,3.03557
0.0426667,-0.758893
0.0426833,-3.83663
0.0427,3.41502
0.0427167,0.421607
0.0427333,-0.463768
0.04275,-3.49934
0.0427667,0.716733
0.0427833,-2.57181
0.0428,-0.0421607
0.0428167,1.1805
0.0428333,-1.77075
0.04285,-0.210804
0.0428667,5.27009
0.0428833,-3.87879
0.0429,1.3913
0.0429167,-0.0843215
0.0429333,1.81291
0.04295,-1.01186
0.0429667,3.16206
0.0429833,-0.210804
0.043,0.927536
0.0430167,1.13834
0.0430333,-3.87879
0.04305,0.59025
0.0430667,0
0.0430833,0.379447
0.0431,-1.98155
0.0431167,1.68643
0.0431333,-0.168643
0.04315,1.01186
0.0431667,-0.295125
0.0431833,-2.10804
0.0432,1.22266
0.0432167,1.34914
0.0432333,-1.1805
0.04325,0.421607
0.0432667,4.17391
0.0432833,2.361
0.0433,1.77075
0.0433167,0
0.0433333,5.31225
0.04335,-3.28854
0.0433667,-1.85507
0.0433833,2.31884
0.0434,0.674572
0.0434167,-3.37286
0.0434333,-1.47563
0.04345,0.758893
0.0434667,-4.21607
0.0434833,-0.421607
0.0435,1.89723
0.0435167,-0.505929
0.0435333,-1.26482
0.04355,0.927536
0.0435667,1.1805
0.0435833,1.26482
0.0436,4.38472
0.0436167,0.758893
0.0436333,1.1805
0.04365,1.68643
0.0436667,1.30698
0.0436833,-0.0421607
0.0437,0.295125
0.0437167,2.69829
0.0437333,-1.30698
0.04375,2.1502
0.0437667,2.19236
0.0437833,-0.0421607
0.0438,3.83663
0.0438167,-0.0843215
0.0438333,2.86693
0.04385,-2.19236
0.0438667,2.02372
0.0438833,1.81291
0.0439,-3.41502
0.0439167,4.84848
0.0439333,1.51779
0.04395,0.801054
0.0439667,2.361
0.0439833,1.93939
0.044,2.65613
0.0440167,1.89723
0.0440333,-1.55995
0.04405,0.716733
0.0440667,-0.126482
0.0440833,3.62582
0.0441,-0.674572
0.0441167,-1.43347
0.0441333,-1.47563
0.04415,-0.716733
0.0441667,-5.01713
0.0441833,2.23452
0.0442,2.78261
0.0442167,0.0843215
0.0442333,1.05402
0.04425,-0.843215
0.0442667,2.361
0.0442833,-2.90909
0.0443,3.16206
0.0443167,-1.34914
0.0443333,-0.252964
0.04435,-0.969697
0.0443667,0
0.0443833,0.421607
0.0444,3.20422
0.0444167,2.86693
0.0444333,2.31884
0.04445,-3.75231
0.0444667,1.98155
0.0444833,3.37286
0.0445,-1.72859
0.0445167,4.67984
0.0445333,1.93939
0.04455,2.82477
0.0445667,-0.463768
0.0445833,0.927536
0.0446,0.421607
0.0446167,0.885375
0.0446333,0.337286
0.04465,2.44532
0.0446667,-2.31884
0.0446833,1.09618
0.0447,4.04743
0.0447167,-2.02372
0.0447333,0.126482
0.04475,2.19236
0.0447667,1.47563
0.0447833,1.85507
0.0448,5.60738
0.0448167,0.463768
0.0448333,0.168643
0.04485,-3.3307
0.0448667,2.1502
0.0448833,-2.99341
0.0449,2.19236
0.0449167,-1.55995
0.0449333,-2.48748
0.04495,1.13834
0.0449667,3.58366
0.0449833,-1.98155
0.045,-1.60211
0.0450167,0.0421607
0.0450333,2.69829
0.04505,-1.3913
0.0450667,2.65613
0.0450833,3.66798
0.0451,-3.37286
0.0451167,4.34256
0.0451333,2.10804
0.04515,-0.716733
0.0451667,-0.421607
0.0451833,1.89723
0.0452,0.0421607
0.0452167,-4.38472
0.0452333,1.60211
0.04525,2.57181
0.0452667,-2.10804
0.0452833,-2.10804
0.0453,3.41502
0.0453167,-3.37286
0.0453333,0.801054
0.04535,-1.13834
0.0453667,-3.58366
0.0453833,0.969697
0.0454,-0.54809
0.0454167,0.927536
0.0454333,-1.60211
0.04545,1.89723
0.0454667,-1.77075
0.0454833,1.60211
0.0455,3.49934
0.0455167,-1.22266
0.0455333,0.674572
0.04555,4.38472
0.0455667,-1.98155
0.0455833,0.210804
0.0456,1.1805
0.0456167,-1.85507
0.0456333,0.927536
0.04565,-1.77075
0.0456667,-1.64427
0.0456833,0.674572
0.0457,-4.34256
0.0457167,1.89723
0.0457333,3.87879
0.04575,-3.03557
0.0457667,3.11989
0.0457833,-1.51779
0.0458,-1.05402
0.0458167,-1.77075
0.0458333,-1.01186
0.04585,-2.02372
0.0458667,0.801054
0.0458833,0.632411
0.0459,2.52964
0.0459167,-1.64427
0.0459333,2.40316
0.04595,3.3307
0.0459667,1.05402
0.0459833,1.93939
0.046,0.252964
0.0460167,-1.93939
0.0460333,-0.801054
0.04605,3.07773
0.0460667,2.95125
0.0460833,-1.72859
0.0461,0.801054
0.0461167,-1.60211
0.0461333,1.43347
0.04615,0.59025
0.0461667,0.801054
0.0461833,1.09618
0.0462,1.09618
0.0462167,2.06588
0.0462333,-0.59025
0.04625,-1.1805
0.0462667,-0.421607
0.0462833,2.19236
0.0463,-0.632411
0.0463167,1.30698
0.0463333,2.361
0.04635,-2.78261
0.0463667,1.30698
0.0463833,3.11989
0.0464,5.05929
0.0464167,0.758893
0.0464333,1.1805
0.04645,-0.801054
0.0464667,-2.82477
0.0464833,2.78261
0.0465,0.59025
0.0465167,-2.57181
0.0465333,1.72859
0.04655,2.1502
0.0465667,-2.27668
0.0465833,0
0.0466,2.78261
0.0466167,2.27668
0.0466333,3.07773
0.04665,1.01186
0.0466667,1.93939
0.0466833,0.210804
0.0467,1.85507
0.0467167,0.505929
0.0467333,1.55995
0.04675,2.40316
0.0467667,0.632411
0.0467833,-1.68643
0.0468,0.505929
0.0468167,4.34256
0.0468333,-3.37286
0.04685,-1.43347
0.0468667,-0.505929
0.0468833,-1.81291
0.0469,-0.0843215
0.0469167,2.99341
0.0469333,1.68643
0.04695,0.885375
0.0469667,-0.0843215
0.0469833,4.67984
0.047,-2.95125
0.0470167,-0.295125
0.0470333,1.09618
0.04705,0.632411
0.0470667,2.48748
0.0470833,4.3004
0.0471,-3.11989
0.0471167,1.93939
0.0471333,2.44532
0.04715,0.54809
0.0471667,2.69829
0.0471833,2.52964
0.0472,3.75231
0.0472167,-0.59025
0.0472333,3.66798
0.04725,4.04743
0.0472667,-4.25823
0.0472833,-1.3913
0.0473,7.20949
0.0473167,-1.60211
0.0473333,-0.295125
0.04735,4.63768
0.0473667,3.37286
0.0473833,-1.22266
0.0474,0.59025
0.0474167,5.56522
0.0474333,-3.5415
0.04745,0.295125
0.0474667,0.337286
0.0474833,1.47563
0.0475,1.30698
0.0475167,3.28854
0.0475333,-1.55995
0.04755,1.64427
0.0475667,2.90909
0.0475833,-1.01186
0.0476,0.632411
0.0476167,-0.421607
0.0476333,3.45718
0.04765,-4.38472
0.0476667,0.0843215
0.0476833,1.47563
0.0477,2.19236
0.0477167,-0.463768
0.0477333,3.5415
0.04775,-0.927536
0.0477667,1.30698
0.0477833,-0.54809
0.0478,1.13834
0.0478167,-1.55995
0.0478333,1.26482
0.04785,3.45718
0.0478667,0.801054
0.0478833,-0.337286
0.0479,0.505929
0.0479167,-0.295125
0.0479333,-2.02372
0.04795,5.22793
0.0479667,2.82477
0.0479833,-0.505929
0.048,-0.168643
0.0480167,2.44532
0.0480333,0.54809
0.04805,0.252964
0.0480667,2.31884
0.0480833,-2.82477
0.0481,3.75231
0.0481167,3.66798
0.0481333,-4.42688
0.04815,0.801054
0.0481667,0.632411
0.0481833,-4.08959
0.0482,0.969697
0.0482167,4.89065
0.0482333,-2.90909
0.04825,-2.19236
0.0482667,4.13175
0.0482833,-1.93939
0.0483,-1.93939
0.0483167,6.28195
0.0483333,0.843215
0.04835,-1.30698
0.0483667,4.08959
0.0483833,2.82477
0.0484,-3.92095
0.0484167,1.3913
0.0484333,2.61397
0.04845,-2.69829
0.0484667,-2.31884
0.0484833,-0.969697
0.0485,2.1502
0.0485167,-3.49934
0.0485333,2.10804
0.04855,-1.05402
0.0485667,-1.09618
0.0485833,-0.295125
0.0486,6.15547
0.0486167,0.758893
0.0486333,2.02372
0.04865,5.9025
0.0486667,3.24638
0.0486833,-2.06588
0.0487,4.00527
0.0487167,2.19236
0.0487333,-4.00527
0.04875,3.71014
0.0487667,-1.68643
0.0487833,-3.3307
0.0488,2.61397
0.0488167,2.82477
0.0488333,-2.78261
0.04885,-0.295125
0.0488667,0
0.0488833,0.0843215
0.0489,-3.28854
0.0489167,1.85507
0.0489333,3.79447
0.04895,-4.13175
0.0489667,3.58366
0.0489833,0.632411
0.049,-1.34914
0.0490167,-2.19236
0.0490333,2.82477
0.04905,-2.69829
0.0490667,1.47563
0.0490833,2.48748
0.0491,-0.210804
0.0491167,0.969697
0.0491333,1.30698
0.04915,4.25823
0.0491667,0.843215
0.0491833,-2.82477
0.0492,1.3913
0.0492167,3.45718
0.0492333,-0.0843215
0.04925,-0.758893
0.0492667,1.43347
0.0492833,0.0843215
0.0493,-0.54809
0.0493167,5.77602
0.0493333,-1.55995
0.04935,2.19236
0.0493667,0.927536
0.0493833,6.70356
0.0494,2.69829
0.0494167,-0.421607
0.0494333,3.20422
0.04945,1.34914
0.0494667,1.68643
0.0494833,2.74045
0.0495,2.40316
0.0495167,-0.210804
0.0495333,2.1502
0.04955,1.77075
0.0495667,2.90909
0.0495833,1.89723
0.0496,1.64427
0.0496167,0.674572
0.0496333,2.23452
0.04965,1.51779
0.0496667,2.74045
0.0496833,0.421607
0.0497,-1.30698
0.0497167,-0.295125
0.0497333,-0.632411
0.04975,0
0.0497667,-6.02899
0.0497833,1.09618
0.0498,0.801054
0.0498167,-1.01186
0.0498333,2.44532
0.04985,1.26482
0.0498667,-1.55995
0.0498833,-1.05402
0.0499,4.17391
0.0499167,-1.85507
0.0499333,-3.24638
0.04995,-0.168643
0.0499667,-1.72859
0.0499833,-0.0843215
0.05,2.69829
0.0500167,1.77075
0.0500333,-1.26482
0.05005,1.30698
0.0500667,4.46904
0.0500833,0.0843215
0.0501,-3.28854
0.0501167,3.96311
0.0501333,2.27668
0.05015,1.34914
0.0501667,5.35441
0.0501833,2.23452
0.0502,-0.210804
0.0502167,3.92095
0.0502333,5.81818
0.05025,0.758893
0.0502667,0.969697
0.0502833,1.60211
0.0503,-4.722
0.0503167,0.632411
0.0503333,2.52964
0.05035,-2.95125
0.0503667,-1.93939
0.0503833,0.295125
0.0504,5.9025
0.0504167,-3.45718
0.0504333,-0.0421607
0.05045,5.4809
0.0504667,0.168643
0.0504833,0.421607
0.0505,4.89065
0.0505167,0.0421607
0.0505333,1.26482
0.05055,3.58366
0.0505667,4.17391
0.0505833,1.3913
0.0506,-0.758893
0.0506167,4.93281
0.0506333,-1.26482
0.05065,-0.969697
0.0506667,-0.379447
0.0506833,1.47563
0.0507,-2.27668
0.0507167,3.66798
0.0507333,2.82477
0.05075,0.210804
0.0507667,-0.632411
0.0507833,3.49934
0.0508,0.337286
0.0508167,-0.632411
0.0508333,3.37286
0.05085,0.632411
0.0508667,-1.85507
0.0508833,2.48748
0.0509,1.72859
0.0509167,-3.92095
0.0509333,2.23452
0.05095,5.35441
0.0509667,-3.92095
0.0509833,2.86693
0.051,0.295125
0.0510167,-0.801054
0.0510333,0.463768
0.05105,-3.83663
0.0510667,-3.71014
0.0510833,0.801054
0.0511,3.28854
0.0511167,2.90909
0.0511333,-1.13834
0.05115,-0.168643
0.0511667,-1.1805
0.0511833,1.68643
0.0512,1.26482
0.0512167,0.210804
0.0512333,1.1805
0.05125,0.969697
0.0512667,-2.95125
0.0512833,-0.674572
0.0513,0.210804
0.0513167,-0.758893
0.0513333,0.421607
0.05135,0.54809
0.0513667,-3.11989
0.0513833,-4.42688
0.0514,3.79447
0.0514167,0.0843215
0.0514333,-1.93939
0.05145,4.42688
0.0514667,4.97497
0.0514833,0.379447
0.0515,2.57181
0.0515167,-2.65613
0.0515333,-0.252964
0.05155,1.05402
0.0515667,-0.716733
0.0515833,2.27668
0.0516,-0.59025
0.0516167,3.03557
0.0516333,-1.43347
0.05165,1.47563
0.0516667,-2.10804
0.0516833,0.716733
0.0517,-1.64427
0.0517167,3.66798
0.0517333,0.927536
0.05175,5.27009
0.0517667,0.801054
0.0517833,0.337286
0.0518,0.632411
0.0518167,2.19236
0.0518333,0.421607
0.05185,-0.843215
0.0518667,5.01713
0.0518833,-0.126482
0.0519,3.16206
0.0519167,5.86034
0.0519333,-2.40316
0.05195,-3.75231
0.0519667,0.885375
0.0519833,-0.632411
0.052,-5.18577
0.0520167,-0.54809
0.0520333,4.3004
0.05205,0.758893
0.0520667,1.60211
0.0520833,2.82477
0.0521,2.27668
0.0521167,-2.86693
0.0521333,1.81291
0.05215,0.927536
0.0521667,0.505929
0.0521833,-1.34914
0.0522,5.9025
0.0522167,-0.843215
0.0522333,0.126482
0.05225,5.10145
0.0522667,-0.843215
0.0522833,-1.26482
0.0523,0.885375
0.0523167,1.64427
0.0523333,-4.84848
0.05235,-0.168643
0.0523667,7.16733
0.0523833,-2.52964
0.0524,2.82477
0.0524167,6.40843
0.0524333,0.0843215
0.05245,-4.17391
0.0524667,4.08959
0.0524833,2.361
0.0525,-1.05402
0.0525167,5.73386
0.0525333,4.21607
0.05255,-4.80632
0.0525667,2.361
0.0525833,2.27668
0.0526,-4.34256
0.0526167,5.52306
0.0526333,0.337286
0.05265,-5.60738
0.0526667,-4.38472
0.0526833,6.74572
0.0527,-0.54809
0.0527167,-2.82477
0.0527333,3.79447
0.05275,0.421607
0.0527667,-4.00527
0.0527833,2.48748
0.0528,4.04743
0.0528167,-2.10804
0.0528333,4.13175
0.05285,-0.969697
0.0528667,0.969697
0.0528833,-1.72859
0.0529,2.57181
0.0529167,-1.72859
0.0529333,1.98155
0.05295,4.5112
0.0529667,1.89723
0.0529833,-2.65613
0.053,2.40316
0.0530167,-0.54809
0.0530333,-1.09618
0.05305,3.16206
0.0530667,1.09618
0.0530833,-5.01713
0.0531,-1.55995
0.0531167,3.92095
0.0531333,0.54809
0.05315,1.1805
0.0531667,5.35441
0.0531833,-4.55336
0.0532,0.59025
0.0532167,5.77602
0.0532333,-0.801054
0.05325,-2.57181
0.0532667,0.801054
0.0532833,0.379447
0.0533,-3.41502
0.0533167,2.02372
0.0533333,3.3307
0.05335,-6.19763
0.0533667,2.19236
0.0533833,5.81818
0.0534,-3.87879
0.0534167,-2.31884
0.0534333,6.57708
0.05345,1.01186
0.0534667,-1.85507
0.0534833,4.55336
0.0535,-0.758893
0.0535167,-2.74045
0.0535333,-1.72859
0.05355,3.5415
0.0535667,-2.52964
0.0535833,-1.09618
0.0536,2.48748
0.0536167,2.31884
0.0536333,0.843215
0.05365,-0.505929
0.0536667,0.674572
0.0536833,0.59025
0.0537,-0.716733
0.0537167,4.67984
0.0537333,-0.252964
0.05375,0.505929
0.0537667,3.49934
0.0537833,-2.02372
0.0538,-2.44532
0.0538167,3.24638
0.0538333,-2.90909
0.05385,-1.09618
0.0538667,-0.168643
0.0538833,-2.19236
0.0539,3.37286
0.0539167,1.3913
0.0539333,-1.01186
0.05395,3.49934
0.0539667,-0.801054
0.0539833,-3.96311
0.054,-0.379447
0.0540167,-0.801054
0.0540333,0.969697
0.05405,0.0421607
0.0540667,4.59552
0.0540833,-2.74045
0.0541,0.632411
0.0541167,0.843215
0.0541333,3.20422
0.05415,-1.05402
0.0541667,-0.295125
0.0541833,1.89723
0.0542,2.44532
0.0542167,-0.758893
0.0542333,5.43874
0.05425,1.22266
0.0542667,0.758893
0.0542833,2.99341
0.0543,-1.72859
0.0543167,-1.77075
0.0543333,3.28854
0.05435,2.57181
0.0543667,-0.295125
0.0543833,-1.3913
0.0544,3.49934
0.0544167,1.1805
0.0544333,-1.05402
0.05445,0.716733
0.0544667,0.505929
0.0544833,0.632411
0.0545,1.47563
0.0545167,0.632411
0.0545333,-0.843215
0.05455,3.37286
0.0545667,-1.98155
0.0545833,-0.126482
0.0546,1.43347
0.0546167,1.98155
0.0546333,-1.05402
0.05465,-0.0421607
0.0546667,-1.85507
0.0546833,1.98155
0.0547,5.35441
0.0547167,-1.3913
0.0547333,2.48748
0.05475,-1.13834
0.0547667,-0.210804
0.0547833,0.0843215
0.0548,3.49934
0.0548167,1.26482
0.0548333,-5.43874
0.05485,0.126482
0.0548667,2.78261
0.0548833,-0.337286
0.0549,1.51779
0.0549167,5.14361
0.0549333,-4.55336
0.05495,2.40316
0.0549667,3.71014
0.0549833,3.66798
0.055,1.22266
0.0550167,4.93281
0.0550333,-1.1805
0.05505,0.379447
0.0550667,3.79447
0.0550833,3.58366
0.0551,-4.97497
0.0551167,4.21607
0.0551333,1.1805
0.05515,0.463768
0.0551667,1.05402
0.0551833,3.92095
0.0552,-2.95125
0.0552167,-1.43347
0.0552333,1.64427
0.05525,-0.463768
0.0552667,-3.20422
0.0552833,5.14361
0.0553,0.0421607
0.0553167,-0.801054
0.0553333,1.01186
0.05535,4.59552
0.0553667,-5.22793
0.0553833,-2.27668
0.0554,1.55995
0.0554167,0.927536
0.0554333,-3.79447
0.05545,2.361
0.0554667,-1.77075
0.0554833,-1.09618
0.0555,5.60738
0.0555167,3.03557
0.0555333,-1.85507
0.05555,-1.77075
0.0555667,5.56522
0.0555833,1.3913
0.0556,-1.47563
0.0556167,2.82477
0.0556333,1.01186
0.05565,-2.74045
0.0556667,1.85507
0.0556833,0.59025
0.0557,-1.93939
0.0557167,2.99341
0.0557333,6.15547
0.05575,-1.30698
0.0557667,2.02372
0.0557833,6.02899
0.0558,0.758893
0.0558167,2.65613
0.0558333,5.05929
0.05585,-0.337286
0.0558667,1.1805
0.0558833,3.66798
0.0559,1.3913
0.0559167,-0.505929
0.0559333,2.78261
0.05595,0.927536
0.0559667,-0.0421607
0.0559833,-2.19236
0.056,0.337286
0.0560167,-1.60211
0.0560333,2.361
0.05605,-1.55995
0.0560667,-1.64427
0.0560833,0.716733
0.0561,5.01713
0.0561167,-2.27668
0.0561333,-0.54809
0.05615,2.65613
0.0561667,-0.0421607
0.0561833,-1.55995
0.0562,3.11989
0.0562167,1.68643
0.0562333,-2.78261
0.05625,3.49934
0.0562667,3.45718
0.0562833,-1.43347
0.0563,-0.54809
0.0563167,5.52306
0.0563333,-1.68643
0.05635,1.05402
0.0563667,2.31884
0.0563833,0.505929
0.0564,-0.758893
0.0564167,10.0343
0.0564333,2.06588
0.05645,1.34914
0.0564667,6.57708
0.0564833,3.11989
0.0565,-4.63768
0.0565167,2.1502
0.0565333,5.35441
0.05655,-0.463768
0.0565667,-1.26482
0.0565833,3.58366
0.0566,2.99341
0.0566167,-3.03557
0.0566333,2.74045
0.05665,-0.379447
0.0566667,1.81291
0.0566833,-1.13834
0.0567,1.05402
0.0567167,0.295125
0.0567333,3.28854
0.05675,-2.52964
0.0567667,-3.45718
0.0567833,1.85507
0.0568,1.3913
0.0568167,1.34914
0.0568333,-2.99341
0.05685,-0.758893
0.0568667,2.90909
0.0568833,1.01186
0.0569,0.295125
0.0569167,3.83663
0.0569333,1.05402
0.05695,-2.86693
0.0569667,-1.05402
0.0569833,2.23452
0.057,-0.632411
0.0570167,1.3913
0.0570333,-1.05402
0.05705,0.59025
0.0570667,4.722
0.0570833,1.26482
0.0571,2.57181
0.0571167,-1.77075
0.0571333,2.27668
0.05715,4.08959
0.0571667,-0.210804
0.0571833,-0.252964
0.0572,-1.05402
0.0572167,-0.295125
0.0572333,-0.126482
0.05725,0.505929
0.0572667,0.674572
0.0572833,-0.758893
0.0573,5.64954
0.0573167,-0.716733
0.0573333,3.45718
0.05735,0.337286
0.0573667,1.81291
0.0573833,-3.41502
0.0574,1.68643
0.0574167,1.85507
0.0574333,-0.463768
0.05745,-3.66798
0.0574667,5.52306
0.0574833,-1.3913
0.0575,2.31884
0.0575167,2.27668
0.0575333,1.3913
0.05755,-3.3307
0.0575667,0.59025
0.0575833,-2.52964
0.0576,1.34914
0.0576167,1.09618
0.0576333,3.07773
0.05765,-2.65613
0.0576667,2.82477
0.0576833,8.51647
0.0577,-1.26482
0.0577167,1.3913
0.0577333,1.55995
0.05775,-1.34914
0.0577667,-3.58366
0.0577833,3.3307
0.0578,1.01186
0.0578167,0.463768
0.0578333,5.14361
0.05785,3.92095
0.0578667,1.55995
0.0578833,1.3913
0.0579,-1.34914
0.0579167,0.379447
0.0579333,4.67984
0.05795,2.44532
0.0579667,2.44532
0.0579833,0.801054
0.058,3.49934
0.0580167,-1.3913
0.0580333,-0.126482
0.05805,3.58366
0.0580667,0.168643
0.0580833,-0.0843215
0.0581,-0.0421607
0.0581167,5.39657
0.0581333,-0.758893
0.05815,2.86693
0.0581667,-0.0843215
0.0581833,2.74045
0.0582,-3.83663
0.0582167,3.3307
0.0582333,0.505929
0.05825,-1.26482
0.0582667,3.07773
0.0582833,1.60211
0.0583,-1.93939
0.0583167,3.11989
0.0583333,-0.54809
0.05835,0.168643
0.0583667,0.252964
0.0583833,-2.95125
0.0584,1.13834
0.0584167,-1.13834
0.0584333,2.82477
0.05845,-1.05402
0.0584667,1.85507
0.0584833,-0.716733
0.0585,-1.85507
0.0585167,-0.379447
0.0585333,2.90909
0.05855,-1.68643
0.0585667,0.505929
0.0585833,0.252964
0.0586,-0.337286
0.0586167,0.505929
0.0586333,0.168643
0.05865,4.04743
0.0586667,0.252964
0.0586833,2.90909
0.0587,1.89723
0.0587167,3.49934
0.0587333,-0.252964
0.05875,-2.10804
0.0587667,-3.45718
0.0587833,1.1805
0.0588,2.61397
0.0588167,-1.55995
0.0588333,-0.801054
0.05885,1.05402
0.0588667,-2.27668
0.0588833,-2.90909
0.0589,3.28854
0.0589167,-2.65613
0.0589333,-0.927536
0.05895,2.361
0.0589667,2.23452
0.0589833,-1.22266
0.059,0.674572
0.0590167,2.02372
0.0590333,-0.379447
0.05905,-1.47563
0.0590667,1.68643
0.0590833,0.59025
0.0591,2.361
0.0591167,0.927536
0.0591333,-2.361
0.05915,2.1502
0.0591667,0.0421607
0.0591833,2.19236
0.0592,0.758893
0.0592167,1.1805
0.0592333,0.168643
0.05925,2.361
0.0592667,0.758893
0.0592833,-3.16206
0.0593,1.51779
0.0593167,1.98155
0.0593333,-1.3913
0.05935,0.252964
0.0593667,5.39657
0.0593833,1.01186
0.0594,1.01186
0.0594167,4.80632
0.0594333,3.66798
0.05945,-0.632411
0.0594667,0.927536
0.0594833,1.89723
0.0595,-2.02372
0.0595167,-0.843215
0.0595333,-0.421607
0.05955,2.52964
0.0595667,1.81291
0.0595833,3.5415
0.0596,-0.0843215
0.0596167,-1.93939
0.0596333,0.379447
0.05965,-0.0421607
0.0596667,-4.00527
0.0596833,0.843215
0.0597,2.23452
0.0597167,-3.16206
0.0597333,2.44532
0.05975,3.16206
0.0597667,-3.96311
0.0597833,0.210804
0.0598,2.44532
0.0598167,0.0843215
0.0598333,-3.75231
0.05985,4.89065
0.0598667,-4.34256
0.0598833,-3.41502
0.0599,5.81818
0.0599167,0.295125
0.0599333,-1.43347
0.05995,4.04743
0.0599667,5.27009
0.0599833,-3.5415
0.06,-0.463768
0.0600167,6.49275
0.0600333,-0.674572
0.06005,2.65613
0.0600667,1.89723
0.0600833,-3.66798
0.0601,-2.48748
0.0601167,1.09618
0.0601333,-1.05402
0.06015,-3.66798
0.0601667,3.5415
0.0601833,5.18577
0.0602,-5.9025
0.0602167,-2.06588
0.0602333,2.52964
0.06025,-1.01186
0.0602667,-1.85507
0.0602833,5.18577
0.0603,1.1805
0.0603167,2.74045
0.0603333,4.13175
0.06035,-3.79447
0.0603667,0.758893
0.0603833,2.02372
0.0604,1.34914
0.0604167,-5.27009
0.0604333,0.168643
0.06045,5.01713
0.0604667,-2.1502
0.0604833,-0.0421607
0.0605,2.10804
0.0605167,-0.843215
0.0605333,-2.48748
0.06055,1.72859
0.0605667,2.06588
0.0605833,-1.89723
0.0606,2.02372
0.0606167,6.57708
0.0606333,-4.46904
0.06065,4.04743
0.0606667,1.1805
0.0606833,-0.0421607
0.0607,1.93939
0.0607167,-0.758893
0.0607333,0.885375
0.06075,0.421607
0.0607667,-0.421607
0.0607833,4.00527
0.0608,0.337286
0.0608167,-1.01186
0.0608333,-1.30698
0.06085,1.51779
0.0608667,-0.252964
0.0608833,0.505929
0.0609,0.632411
0.0609167,2.23452
0.0609333,1.72859
0.06095,3.87879
0.0609667,-0.337286
0.0609833,6.57708
0.061,-2.27668
0.0610167,1.01186
0.0610333,2.61397
0.06105,1.26482
0.0610667,-0.843215
0.0610833,4.55336
0.0611,1.68643
0.0611167,1.98155
0.0611333,-1.22266
0.06115,1.98155
0.0611667,1.64427
0.0611833,0.716733
0.0612,2.61397
0.0612167,-1.60211
0.0612333,2.61397
0.06125,3.5415
0.0612667,4.55336
0.0612833,0.168643
0.0613,1.85507
0.0613167,3.03557
0.0613333,1.64427
0.06135,-0.927536
0.0613667,3.49934
0.0613833,0.168643
0.0614,-3.79447
0.0614167,2.10804
0.0614333,1.30698
0.06145,-2.10804
0.0614667,-2.95125
0.0614833,3.87879
0.0615,1.98155
0.0615167,0.126482
0.0615333,-0.0843215
0.06155,5.73386
0.0615667,-5.39657
0.0615833,0.54809
0.0616,1.55995
0.0616167,-0.716733
0.0616333,-0.168643
0.06165,9.0224
0.0616667,2.27668
0.0616833,-0.252964
0.0617,1.09618
0.0617167,-1.01186
0.0617333,-1.43347
0.06175,0.0843215
0.0617667,1.55995
0.0617833,-2.57181
0.0618,1.64427
0.0618167,3.37286
0.0618333,-0.59025
0.06185,-3.3307
0.0618667,2.82477
0.0618833,4.46904
0.0619,-1.93939
0.0619167,5.4809
0.0619333,2.69829
0.06195,-2.02372
0.0619667,-2.57181
0.0619833,6.74572
0.062,-1.47563
0.0620167,-2.40316
0.0620333,0.0843215
0.06205,-4.80632
0.0620667,-0.674572
0.0620833,0.758893
0.0621,-1.64427
0.0621167,-4.42688
0.0621333,0
0.06215,4.42688
0.0621667,2.69829
0.0621833,0.632411
0.0622,3.62582
0.0622167,2.23452
0.0622333,0.379447
0.06225,1.43347
0.0622667,4.76416
0.0622833,1.77075
0.0623,-1.34914
0.0623167,2.82477
0.0623333,1.01186
0.06235,-1.1805
0.0623667,-0.337286
0.0623833,4.722
0.0624,-2.10804
0.0624167,2.31884
0.0624333,-0.421607
0.06245,-2.61397
0.0624667,-4.80632
0.0624833,3.75231
0.0625,-3.11989
0.0625167,0.927536
0.0625333,-1.47563
0.06255,1.30698
0.0625667,-0.505929
0.0625833,0.54809
0.0626,-2.52964
0.0626167,-0.59025
0.0626333,0.843215
0.06265,-0.758893
0.0626667,-2.1502
0.0626833,4.59552
0.0627,1.43347
0.0627167,-0.252964
0.0627333,0.295125
0.06275,1.85507
0.0627667,-2.95125
0.0627833,1.85507
0.0628,-2.44532
0.0628167,0.252964
0.0628333,6.11331
0.06285,1.89723
0.0628667,-7.12516
0.0628833,1.13834
0.0629,2.95125
0.0629167,0.337286
0.0629333,-3.62582
0.06295,5.05929
0.0629667,1.22266
0.0629833,-4.97497
0.063,3.11989
0.0630167,1.3913
0.0630333,0.885375
0.06305,2.40316
0.0630667,2.06588
0.0630833,-3.71014
0.0631,4.00527
0.0631167,5.60738
0.0631333,1.72859
0.06315,-4.5112
0.0631667,4.722
0.0631833,-2.69829
0.0632,-2.52964
0.0632167,1.26482
0.0632333,1.93939
0.06325,2.10804
0.0632667,2.82477
0.0632833,2.361
0.0633,-1.72859
0.0633167,-0.0421607
0.0633333,5.64954
0.06335,1.93939
0.0633667,1.30698
0.0633833,3.3307
0.0634,-0.0421607
0.0634167,-1.85507
0.0634333,1.34914
0.06345,0.421607
0.0634667,-1.22266
0.0634833,4.34256
0.0635,0.969697
0.0635167,-1.1805
0.0635333,1.55995
0.06355,2.19236
0.0635667,-0.0421607
0.0635833,2.52964
0.0636,2.90909
0.0636167,1.01186
0.0636333,0.0843215
0.06365,2.23452
0.0636667,-1.01186
0.0636833,-1.64427
0.0637,2.10804
0.0637167,2.78261
0.0637333,0.59025
0.06375,1.34914
0.0637667,0.252964
0.0637833,0.379447
0.0638,3.41502
0.0638167,1.64427
0.0638333,-0.0843215
0.06385,0.801054
0.0638667,-4.722
0.0638833,0.969697
0.0639,0.337286
0.0639167,1.30698
0.0639333,0.801054
0.06395,1.3913
0.0639667,1.01186
0.0639833,-0.716733
0.064,0
0.0640167,2.1502
0.0640333,6.02899
0.06405,2.90909
0.0640667,1.51779
0.0640833,-1.72859
0.0641,3.03557
0.0641167,3.16206
0.0641333,3.24638
0.06415,0.0421607
0.0641667,-3.87879
0.0641833,2.74045
0.0642,-3.11989
0.0642167,-1.05402
0.0642333,4.21607
0.06425,0
0.0642667,-2.02372
0.0642833,1.30698
0.0643,0.632411
0.0643167,0.885375
0.0643333,-0.126482
0.06435,2.31884
0.0643667,-2.44532
0.0643833,-0.54809
0.0644,3.75231
0.0644167,0.758893
0.0644333,-0.0421607
0.06445,1.05402
0.0644667,2.74045
0.0644833,-0.168643
0.0645,0
0.0645167,-0.0421607
0.0645333,-0.126482
0.06455,-0.927536
0.0645667,2.90909
0.0645833,-0.210804
0.0646,0.927536
0.0646167,-0.0421607
0.0646333,-2.27668
0.06465,2.65613
0.0646667,2.44532
0.0646833,0
0.0647,5.73386
0.0647167,1.13834
0.0647333,-1.26482
0.06475,1.22266
0.0647667,2.61397
0.0647833,-0.674572
0.0648,6.53491
0.0648167,0.421607
0.0648333,0.674572
0.06485,0.969697
0.0648667,0.379447
0.0648833,-1.47563
0.0649,1.55995
0.0649167,2.1502
0.0649333,-2.23452
0.06495,-5.77602
0.0649667,4.76416
0.0649833,1.22266
0.065,-2.1502
0.0650167,1.60211
0.0650333,1.3913
0.06505,0.210804
0.0650667,4.42688
0.0650833,4.67984
0.0651,-3.92095
0.0651167,2.02372
0.0651333,4.59552
0.06515,-2.23452
0.0651667,-2.57181
0.0651833,1.34914
0.0652,1.30698
0.0652167,-0.210804
0.0652333,2.06588
0.06525,4.38472
0.0652667,-2.02372
0.0652833,0.716733
0.0653,4.76416
0.0653167,-0.758893
0.0653333,-1.01186
0.06535,3.5415
0.0653667,-4.84848
0.0653833,-0.885375
0.0654,4.89065
0.0654167,1.30698
0.0654333,-0.674572
0.06545,3.37286
0.0654667,1.3913
0.0654833,0.927536
0.0655,-0.505929
0.0655167,1.05402
0.0655333,0.969697
0.06555,4.00527
0.0655667,1.68643
0.0655833,3.79447
0.0656,0.252964
0.0656167,2.19236
0.0656333,0.463768
0.06565,2.23452
0.0656667,4.13175
0.0656833,0.463768
0.0657,0.0843215
0.0657167,6.53491
0.0657333,-2.74045
0.06575,-2.19236
0.0657667,1.93939
0.0657833,-0.126482
0.0658,-2.27668
0.0658167,-0.758893
0.0658333,0.674572
0.06585,-0.210804
0.0658667,-0.0843215
0.0658833,0.168643
0.0659,-0.674572
0.0659167,-2.95125
0.0659333,3.11989
0.06595,-0.674572
0.0659667,-0.463768
0.0659833,2.57181
0.066,1.81291
0.0660167,-0.885375
0.0660333,3.58366
0.06605,2.99341
0.0660667,0
0.0660833,6.32411
0.0661,4.76416
0.0661167,-0.421607
0.0661333,-1.72859
0.06615,0.168643
0.0661667,3.83663
0.0661833,0.337286
0.0662,-0.0843215
0.0662167,0.421607
0.0662333,-4.34256
0.06625,4.97497
0.0662667,1.60211
0.0662833,0
0.0663,1.13834
0.0663167,1.77075
0.0663333,3.45718
0.06635,-1.3913
0.0663667,3.62582
0.0663833,-0.337286
0.0664,-1.34914
0.0664167,1.51779
0.0664333,1.34914
0.06645,-2.74045
0.0664667,3.58366
0.0664833,-0.969697
0.0665,-1.13834
0.0665167,-1.22266
0.0665333,2.10804
0.06655,-0.54809
0.0665667,1.93939
0.0665833,1.72859
0.0666,-1.22266
0.0666167,4.5112
0.0666333,0.927536
0.06665,1.89723
0.0666667,-1.93939
0.0666833,-0.421607
0.0667,0.463768
0.0667167,0.716733
0.0667333,-0.59025
0.06675,-0.505929
0.0667667,-1.26482
0.0667833,2.1502
0.0668,-0.126482
0.0668167,-1.30698
0.0668333,1.22266
0.06685,5.60738
0.0668667,-3.83663
0.0668833,0.463768
0.0669,2.06588
0.0669167,-0.843215
0.0669333,1.09618
0.06695,5.14361
0.0669667,-2.78261
0.0669833,0.59025
0.067,2.1502
0.0670167,2.95125
0.0670333,-1.51779
0.06705,-0.337286
0.0670667,0.758893
0.0670833,0.337286
0.0671,-1.30698
0.0671167,1.60211
0.0671333,-3.28854
0.06715,3.03557
0.0671667,2.06588
0.0671833,-0.0421607
0.0672,0.843215
0.0672167,0.674572
0.0672333,0.716733
0.06725,-1.72859
0.0672667,2.90909
0.0672833,3.79447
0.0673,1.51779
0.0673167,-2.95125
0.0673333,4.17391
0.06735,1.1805
0.0673667,-2.10804
0.0673833,2.02372
0.0674,-0.126482
0.0674167,-1.89723
0.0674333,4.3004
0.06745,4.3004
0.0674667,-0.59025
0.0674833,1.81291
0.0675,3.16206
0.0675167,0.295125
0.0675333,-1.3913
0.06755,1.77075
0.0675667,-1.22266
0.0675833,2.69829
0.0676,3.75231
0.0676167,0.210804
0.0676333,0.0843215
0.06765,-0.885375
0.0676667,3.83663
0.0676833,-1.1805
0.0677,1.60211
0.0677167,1.05402
0.0677333,0.463768
0.06775,1.13834
0.0677667,0.969697
0.0677833,-1.30698
0.0678,4.04743
0.0678167,-4.08959
0.0678333,5.39657
0.06785,1.51779
0.0678667,-1.43347
0.0678833,1.93939
0.0679,4.42688
0.0679167,-1.55995
0.0679333,2.27668
0.06795,2.06588
0.0679667,3.24638
0.0679833,-2.23452
0.068,3.37286
0.0680167,1.09618
0.0680333,-0.421607
0.06805,1.05402
0.0680667,3.58366
0.0680833,-0.379447
0.0681,-1.81291
0.0681167,3.83663
0.0681333,0.59025
0.06815,-4.55336
0.0681667,-0.295125
0.0681833,1.72859
0.0682,-2.44532
0.0682167,1.68643
0.0682333,1.98155
0.06825,-2.86693
0.0682667,1.64427
0.0682833,-0.505929
0.0683,1.43347
0.0683167,-3.03557
0.0683333,1.68643
0.06835,1.85507
0.0683667,-0.632411
0.0683833,-1.68643
0.0684,2.52964
0.0684167,1.30698
0.0684333,4.38472
0.06845,6.23979
0.0684667,2.1502
0.0684833,1.68643
0.0685,-2.61397
0.0685167,0.337286
0.0685333,0.505929
0.06855,2.99341
0.0685667,-0.0843215
0.0685833,0.0843215
0.0686,2.10804
0.0686167,-0.716733
0.0686333,3.11989
0.06865,1.3913
0.0686667,0.54809
0.0686833,-2.57181
0.0687,1.01186
0.0687167,-3.71014
0.0687333,3.16206
0.06875,4.76416
0.0687667,-2.31884
0.0687833,-2.57181
0.0688,4.42688
0.0688167,2.1502
0.0688333,-6.99868
0.06885,2.23452
0.0688667,2.65613
0.0688833,-4.59552
0.0689,-3.28854
0.0689167,4.5112
0.0689333,0.126482
0.06895,2.10804
0.0689667,-0.337286
0.0689833,5.10145
0.069,-6.45059
0.0690167,3.62582
0.0690333,1.3913
0.06905,0.801054
0.0690667,-1.09618
0.0690833,4.08959
0.0691,-6.61924
0.0691167,0.252964
0.0691333,5.77602
0.06915,0.758893
0.0691667,-1.81291
0.0691833,2.10804
0.0692,6.19763
0.0692167,-5.77602
0.0692333,1.13834
0.06925,1.47563
0.0692667,2.02372
0.0692833,-0.843215
0.0693,4.76416
0.0693167,-2.52964
0.0693333,-2.61397
0.06935,-0.0843215
0.0693667,4.00527
0.0693833,-5.86034
0.0694,3.49934
0.0694167,1.51779
0.0694333,-3.37286
0.06945,1.64427
0.0694667,3.11989
0.0694833,1.1805
0.0695,-1.60211
0.0695167,1.77075
0.0695333,-0.716733
0.06955,0.379447
0.0695667,0.843215
0.0695833,1.1805
0.0696,-1.1805
0.0696167,3.92095
0.0696333,-0.463768
0.06965,2.78261
0.0696667,-0.295125
0.0696833,-1.55995
0.0697,0.885375
0.0697167,3.16206
0.0697333,-4.00527
0.06975,-0.0843215
0.0697667,2.61397
0.0697833,4.17391
0.0698,-4.25823
0.0698167,2.61397
0.0698333,1.55995
0.06985,-1.30698
0.0698667,2.19236
0.0698833,2.90909
0.0699,-1.13834
0.0699167,1.51779
0.0699333,2.57181
0.06995,-0.168643
0.0699667,-5.22793
0.0699833,1.43347
0.07,-2.44532
0.0700167,0.421607
0.0700333,-0.674572
0.07005,-1.89723
0.0700667,-2.31884
0.0700833,3.49934
0.0701,1.85507
0.0701167,-5.01713
0.0701333,2.44532
0.07015,5.56522
0.0701667,-0.337286
0.0701833,0.0843215
0.0702,3.83663
0.0702167,2.1502
0.0702333,0.126482
0.07025,-0.927536
0.0702667,0.674572
0.0702833,1.1805
0.0703,-0.843215
0.0703167,1.60211
0.0703333,0.843215
0.07035,-1.93939
0.0703667,3.03557
0.0703833,1.26482
0.0704,-0.716733
0.0704167,0.505929
0.0704333,-0.969697
0.07045,3.92095
0.0704667,0.758893
0.0704833,2.19236
0.0705,0.843215
0.0705167,1.13834
0.0705333,-1.26482
0.07055,0.969697
0.0705667,-0.801054
0.0705833,-2.23452
0.0706,2.52964
0.0706167,-0.927536
0.0706333,-2.52964
0.07065,-1.93939
0.0706667,1.89723
0.0706833,-1.81291
0.0707,1.77075
0.0707167,3.62582
0.0707333,1.85507
0.07075,1.09618
0.0707667,3.41502
0.0707833,0
0.0708,-1.05402
0.0708167,3.41502
0.0708333,0.632411
0.07085,1.34914
0.0708667,2.1502
0.0708833,1.93939
0.0709,-0.716733
0.0709167,-1.13834
0.0709333,3.16206
0.07095,-1.98155
0.0709667,-1.1805
0.0709833,-0.252964
0.071,3.66798
0.0710167,-1.55995
0.0710333,2.23452
0.07105,1.01186
0.0710667,1.64427
0.0710833,0.716733
0.0711,1.34914
0.0711167,1.3913
0.0711333,0.126482
0.07115,-1.64427
0.0711667,5.27009
0.0711833,-1.55995
0.0712,-0.0421607
0.0712167,2.57181
0.0712333,1.81291
0.07125,-0.252964
0.0712667,0.674572
0.0712833,1.09618
0.0713,-0.463768
0.0713167,-0.126482
0.0713333,-2.31884
0.07135,-0.59025
0.0713667,-4.21607
0.0713833,3.87879
0.0714,0.54809
0.0714167,-2.57181
0.0714333,4.13175
0.07145,3.24638
0.0714667,-4.97497
0.0714833,0.379447
0.0715,6.32411
0.0715167,-1.89723
0.0715333,-0.927536
0.07155,3.28854
0.0715667,1.3913
0.0715833,-2.06588
0.0716,3.96311
0.0716167,0.337286
0.0716333,-3.16206
0.07165,0.168643
0.0716667,1.68643
0.0716833,-3.49934
0.0717,0.59025
0.0717167,3.20422
0.0717333,0.295125
0.07175,1.26482
0.0717667,2.48748
0.0717833,-0.927536
0.0718,2.65613
0.0718167,4.76416
0.0718333,0.843215
0.07185,-1.81291
0.0718667,0.379447
0.0718833,2.99341
0.0719,-3.24638
0.0719167,2.61397
0.0719333,-0.126482
0.07195,-3.66798
0.0719667,-2.90909
0.0719833,0.59025
0.072,3.5415
0.0720167,-2.31884
0.0720333,1.09618
0.07205,0.0843215
0.0720667,-0.337286
0.0720833,3.75231
0.0721,4.00527
0.0721167,-1.01186
0.0721333,7.96838
0.07215,-3.37286
0.0721667,-1.22266
0.0721833,2.99341
0.0722,2.78261
0.0722167,-2.95125
0.0722333,0.969697
0.07225,2.44532
0.0722667,-2.86693
0.0722833,0.126482
0.0723,7.12516
0.0723167,-2.44532
0.0723333,-2.44532
0.07235,4.5112
0.0723667,-1.30698
0.0723833,-3.11989
0.0724,4.93281
0.0724167,1.09618
0.0724333,-11.3834
0.07245,4.63768
0.0724667,4.63768
0.0724833,-6.45059
0.0725,1.26482
0.0725167,4.42688
0.0725333,-2.74045
0.07255,-2.1502
0.0725667,4.55336
0.0725833,-1.01186
0.0726,0.463768
0.0726167,3.49934
0.0726333,0.337286
0.07265,-4.04743
0.0726667,-0.758893
0.0726833,5.05929
0.0727,-0.295125
0.0727167,-0.252964
0.0727333,4.93281
0.07275,5.27009
0.0727667,-3.5415
0.0727833,6.70356
0.0728,1.1805
0.0728167,-0.59025
0.0728333,-1.30698
0.07285,-0.168643
0.0728667,-2.02372
0.0728833,-0.463768
0.0729,1.81291
0.0729167,-2.74045
0.0729333,-0.632411
0.07295,1.3913
0.0729667,0.927536
0.0729833,-2.10804
0.073,-0.463768
0.0730167,-0.927536
0.0730333,5.27009
0.07305,0.674572
0.0730667,0.54809
0.0730833,-0.463768
0.0731,-2.40316
0.0731167,-2.1502
0.0731333,1.64427
0.07315,1.85507
0.0731667,-2.06588
0.0731833,0.843215
0.0732,2.61397
0.0732167,-2.69829
0.0732333,1.81291
0.07325,3.28854
0.0732667,4.04743
0.0732833,-2.65613
0.0733,-0.0843215
0.0733167,3.07773
0.0733333,0.0843215
0.07335,5.98682
0.0733667,2.99341
0.0733833,-0.885375
0.0734,-0.885375
0.0734167,5.56522
0.0734333,-2.31884
0.07345,-1.89723
0.0734667,4.89065
0.0734833,0.0843215
0.0735,-2.40316
0.0735167,3.16206
0.0735333,4.67984
0.07355,-2.86693
0.0735667,-4.25823
0.0735833,3.20422
0.0736,-1.43347
0.0736167,-2.57181
0.0736333,0.59025
0.07365,-2.52964
0.0736667,-5.64954
0.0736833,1.01186
0.0737,3.20422
0.0737167,1.22266
0.0737333,-2.44532
0.07375,-1.55995
0.0737667,3.20422
0.0737833,0.801054
0.0738,3.16206
0.0738167,-1.22266
0.0738333,0.252964
0.07385,1.64427
0.0738667,0.505929
0.0738833,2.90909
0.0739,-2.78261
0.0739167,1.05402
0.0739333,1.89723
0.07395,0.0843215
0.0739667,2.02372
0.0739833,-3.28854
0.074,0.463768
0.0740167,-0.379447
0.0740333,5.60738
0.07405,-0.59025
0.0740667,0.801054
0.0740833,1.93939
0.0741,2.82477
0.0741167,0.927536
0.0741333,0.54809
0.07415,-1.77075
0.0741667,2.44532
0.0741833,-0.379447
0.0742,-0.59025
0.0742167,1.30698
0.0742333,-3.24638
0.07425,0.674572
0.0742667,7.25165
0.0742833,-1.22266
0.0743,-5.60738
0.0743167,6.40843
0.0743333,2.44532
0.07435,-3.11989
0.0743667,1.72859
0.0743833,1.51779
0.0744,-4.17391
0.0744167,3.24638
0.0744333,8.13702
0.07445,-1.13834
0.0744667,0.421607
0.0744833,2.48748
0.0745,0.337286
0.0745167,2.74045
0.0745333,4.722
0.07455,-1.51779
0.0745667,0.969697
0.0745833,3.75231
0.0746,2.65613
0.0746167,0.210804
0.0746333,-0.210804
0.07465,4.3004
0.0746667,1.13834
0.0746833,3.03557
0.0747,-1.22266
0.0747167,1.30698
0.0747333,-1.89723
0.07475,-2.02372
0.0747667,2.02372
0.0747833,3.03557
0.0748,2.65613
0.0748167,3.71014
0.0748333,6.15547
0.07485,-2.61397
0.0748667,-0.337286
0.0748833,-1.3913
0.0749,1.77075
0.0749167,-0.716733
0.0749333,3.66798
0.07495,-0.0843215
0.0749667,2.23452
0.0749833,-1.13834
0.075,3.03557
0.0750167,3.5415
0.0750333,-0.421607
0.07505,-0.969697
0.0750667,4.42688
0.0750833,-2.31884
0.0751,-1.13834
0.0751167,-0.927536
0.0751333,0.252964
0.07515,-1.43347
0.0751667,0.632411
0.0751833,2.06588
0.0752,-2.27668
0.0752167,5.01713
0.0752333,0.379447
0.07525,-1.13834
0.0752667,-0.252964
0.0752833,1.51779
0.0753,-0.885375
0.0753167,-2.06588
0.0753333,5.4809
0.07535,-1.77075
0.0753667,-3.41502
0.0753833,3.49934
0.0754,1.72859
0.0754167,-3.45718
0.0754333,3.79447
0.07545,-1.43347
0.0754667,-0.674572
0.0754833,1.77075
0.0755,3.83663
0.0755167,2.82477
0.0755333,-1.55995
0.07555,3.87879
0.0755667,0.0843215
0.0755833,-1.22266
0.0756,-2.57181
0.0756167,2.10804
0.0756333,0.168643
0.07565,1.89723
0.0756667,-1.55995
0.0756833,-2.02372
0.0757,-2.361
0.0757167,1.51779
0.0757333,-3.07773
0.07575,3.11989
0.0757667,1.51779
0.0757833,-1.85507
0.0758,2.78261
0.0758167,-0.210804
0.0758333,4.08959
0.07585,2.95125
0.0758667,0.927536
0.0758833,-2.78261
0.0759,3.79447
0.0759167,-0.843215
0.0759333,1.3913
0.07595,1.98155
0.0759667,1.64427
0.0759833,-0.54809
0.076,-0.379447
0.0760167,2.19236
0.0760333,1.85507
0.07605,-2.78261
0.0760667,0.379447
0.0760833,1.98155
0.0761,3.37286
0.0761167,-0.337286
0.0761333,3.16206
0.07615,-0.252964
0.0761667,-2.27668
0.0761833,5.64954
0.0762,1.3913
0.0762167,-2.40316
0.0762333,2.02372
0.07625,3.24638
0.0762667,-2.23452
0.0762833,-0.716733
0.0763,-1.93939
0.0763167,-2.02372
0.0763333,-1.68643
0.07635,2.48748
0.0763667,-1.51779
0.0763833,-2.19236
0.0764,1.77075
0.0764167,4.08959
0.0764333,-2.23452
0.07645,0.54809
0.0764667,-1.13834
0.0764833,-1.13834
0.0765,1.72859
0.0765167,2.1502
0.0765333,-0.927536
0.07655,-0.54809
0.0765667,1.05402
0.0765833,0.927536
0.0766,-1.72859
0.0766167,-2.48748
0.0766333,2.86693
0.07665,0.210804
0.0766667,0.505929
0.0766833,3.11989
0.0767,1.68643
0.0767167,-0.505929
0.0767333,1.93939
0.07675,2.02372
0.0767667,0.252964
0.0767833,-1.09618
0.0768,2.361
0.0768167,1.34914
0.0768333,-1.60211
0.07685,4.97497
0.0768667,2.10804
0.0768833,0.337286
0.0769,-0.421607
0.0769167,5.10145
0.0769333,-3.07773
0.07695,-2.10804
0.0769667,3.87879
0.0769833,1.09618
0.077,-3.87879
0.0770167,4.93281
0.0770333,-1.60211
0.07705,-0.801054
0.0770667,-1.55995
0.0770833,3.11989
0.0771,-0.758893
0.0771167,4.21607
0.0771333,-0.505929
0.07715,-1.13834
0.0771667,-1.43347
0.0771833,3.16206
0.0772,-1.26482
0.0772167,0.168643
0.0772333,3.37286
0.07725,7.42029
0.0772667,-0.0843215
0.0772833,-0.758893
0.0773,3.87879
0.0773167,-2.27668
0.0773333,-0.758893
0.07735,3.92095
0.0773667,0.505929
0.0773833,-0.337286
0.0774,5.6917
0.0774167,0.295125
0.0774333,-0.126482
0.07745,-0.54809
0.0774667,1.72859
0.0774833,0.54809
0.0775,3.24638
0.0775167,3.49934
0.0775333,-0.969697
0.07755,3.83663
0.0775667,5.35441
0.0775833,-2.44532
0.0776,1.64427
0.0776167,-1.60211
0.0776333,-2.27668
0.07765,-0.927536
0.0776667,2.27668
0.0776833,-0.168643
0.0777,1.3913
0.0777167,2.361
0.0777333,0.969697
0.07775,2.95125
0.0777667,2.02372
0.0777833,-0.505929
0.0778,1.22266
0.0778167,4.3004
0.0778333,-1.60211
0.07785,-0.801054
0.0778667,4.17391
0.0778833,0.421607
0.0779,-2.27668
0.0779167,3.41502
0.0779333,-1.3913
0.07795,1.89723
0.0779667,-0.295125
0.0779833,2.78261
0.078,-0.969697
0.0780167,-1.30698
0.0780333,1.01186
0.07805,0.927536
0.0780667,-3.62582
0.0780833,-0.843215
0.0781,0.969697
0.0781167,0.969697
0.0781333,-2.361
0.07815,-3.49934
0.0781667,0.843215
0.0781833,-0.969697
0.0782,0.126482
0.0782167,0.337286
0.0782333,1.72859
0.07825,-2.361
0.0782667,1.51779
0.0782833,1.01186
0.0783,2.23452
0.0783167,0.421607
0.0783333,2.65613
0.07835,0.843215
0.0783667,3.28854
0.0783833,5.43874
0.0784,0.674572
0.0784167,0.421607
0.0784333,3.83663
0.07845,2.99341
0.0784667,-1.30698
0.0784833,0.801054
0.0785,0.0421607
0.0785167,1.47563
0.0785333,-1.64427
0.07855,0.885375
0.0785667,3.49934
0.0785833,-4.63768
0.0786,2.27668
0.0786167,-0.252964
0.0786333,-0.337286
0.07865,1.09618
0.0786667,5.56522
0.0786833,-4.08959
0.0787,-2.02372
0.0787167,5.77602
0.0787333,2.74045
0.07875,-0.927536
0.0787667,0.843215
0.0787833,2.10804
0.0788,-1.72859
0.0788167,1.60211
0.0788333,0.716733
0.07885,-2.74045
0.0788667,-3.79447
0.0788833,4.3004
0.0789,-2.361
0.0789167,2.61397
0.0789333,0.421607
0.07895,-1.01186
0.0789667,0
0.0789833,4.25823
0.079,3.07773
0.0790167,0
0.0790333,0.632411
0.07905,3.79447
0.0790667,-0.168643
0.0790833,-0.295125
0.0791,0.54809
0.0791167,-3.28854
0.0791333,2.1502
0.07915,2.69829
0.0791667,0
0.0791833,-2.1502
0.0792,-0.295125
0.0792167,2.1502
0.0792333,2.65613
0.07925,-4.38472
0.0792667,3.62582
0.0792833,5.94466
0.0793,-3.62582
0.0793167,-0.674572
0.0793333,4.97497
0.07935,2.82477
0.0793667,0.379447
0.0793833,-0.126482
0.0794,-0.337286
0.0794167,1.77075
0.0794333,0.295125
0.07945,2.1502
0.0794667,-2.31884
0.0794833,0.463768
0.0795,0.716733
0.0795167,-0.0843215
0.0795333,2.78261
0.07955,-3.24638
0.0795667,3.79447
0.0795833,-3.37286
0.0796,0.505929
0.0796167,-0.716733
0.0796333,-1.81291
0.07965,0.126482
0.0796667,3.41502
0.0796833,0.885375
0.0797,-1.22266
0.0797167,-0.463768
0.0797333,2.02372
0.07975,0.59025
0.0797667,-1.1805
0.0797833,4.5112
0.0798,-0.843215
0.0798167,1.77075
0.0798333,0.252964
0.07985,-2.82477
0.0798667,-2.82477
0.0798833,2.78261
0.0799,1.68643
0.0799167,-0.421607
0.0799333,2.1502
0.07995,4.00527
0.0799667,2.61397
0.0799833,1.47563
0.08,0.421607
0.0800167,2.52964
0.0800333,1.09618
0.08005,-0.505929
0.0800667,0.716733
0.0800833,1.1805
0.0801,0.801054
0.0801167,0.59025
0.0801333,1.09618
0.08015,-0.0421607
0.0801667,-1.01186
0.0801833,-0.210804
0.0802,2.02372
0.0802167,1.09618
0.0802333,1.60211
0.08025,5.22793
0.0802667,-0.379447
0.0802833,3.41502
0.0803,3.96311
0.0803167,-0.885375
0.0803333,-0.801054
0.08035,4.04743
0.0803667,-1.09618
0.0803833,3.11989
0.0804,-0.927536
0.0804167,2.95125
0.0804333,0.632411
0.08045,-1.1805
0.0804667,0.674572
0.0804833,-3.03557
0.0805,1.77075
0.0805167,1.77075
0.0805333,0.758893
0.08055,-1.72859
0.0805667,3.07773
0.0805833,-1.85507
0.0806,0.969697
0.0806167,-0.337286
0.0806333,5.39657
0.08065,-0.843215
0.0806667,0.801054
0.0806833,3.83663
0.0807,-0.252964
0.0807167,0.843215
0.0807333,2.90909
0.08075,1.51779
0.0807667,-1.30698
0.0807833,-0.969697
0.0808,0.843215
0.0808167,5.39657
0.0808333,-0.0421607
0.08085,-1.05402
0.0808667,-2.1502
0.0808833,0.379447
0.0809,1.60211
0.0809167,-0.674572
0.0809333,2.82477
0.08095,4.17391
0.0809667,0.885375
0.0809833,0.210804
0.081,-0.210804
0.0810167,4.13175
0.0810333,-1.93939
0.08105,-0.54809
0.0810667,0.252964
0.0810833,0.674572
0.0811,1.72859
0.0811167,1.30698
0.0811333,0.927536
0.08115,2.86693
0.0811667,-2.23452
0.0811833,-0.252964
0.0812,5.9025
0.0812167,0
0.0812333,0.54809
0.08125,1.05402
0.0812667,-0.632411
0.0812833,-1.3913
0.0813,5.10145
0.0813167,-0.463768
0.0813333,-4.25823
0.08135,1.43347
0.0813667,2.65613
0.0813833,-2.90909
0.0814,3.5415
0.0814167,1.68643
0.0814333,-4.13175
0.08145,4.63768
0.0814667,4.25823
0.0814833,-2.82477
0.0815,0.252964
0.0815167,0.758893
0.0815333,0.0421607
0.08155,-0.421607
0.0815667,0.758893
0.0815833,3.16206
0.0816,-1.05402
0.0816167,-0.463768
0.0816333,-1.72859
0.08165,1.01186
0.0816667,1.47563
0.0816833,1.1805
0.0817,2.86693
0.0817167,-2.23452
0.0817333,-1.13834
0.08175,3.62582
0.0817667,-5.01713
0.0817833,-4.13175
0.0818,0.59025
0.0818167,2.74045
0.0818333,-1.98155
0.08185,-1.98155
0.0818667,6.02899
0.0818833,-1.30698
0.0819,-1.1805
0.0819167,0.927536
0.0819333,1.89723
0.08195,0.0843215
0.0819667,-1.05402
0.0819833,-1.1805
0.082,2.52964
0.0820167,2.06588
0.0820333,3.07773
0.08205,-1.55995
0.0820667,0.337286
0.0820833,-1.81291
0.0821,-0.54809
0.0821167,-1.30698
0.0821333,-0.337286
0.08215,2.23452
0.0821667,4.25823
0.0821833,-5.73386
0.0822,0.295125
0.0822167,3.45718
0.0822333,-1.72859
0.08225,0.295125
0.0822667,6.74572
0.0822833,-1.77075
0.0823,-0.0421607
0.0823167,1.81291
0.0823333,-0.969697
0.08235,1.30698
0.0823667,0.843215
0.0823833,2.27668
0.0824,-0.0843215
0.0824167,1.26482
0.0824333,1.34914
0.08245,-1.3913
0.0824667,0.59025
0.0824833,-1.09618
0.0825,2.40316
0.0825167,-1.13834
0.0825333,-0.969697
0.08255,4.84848
0.0825667,-0.295125
0.0825833,-1.64427
0.0826,-0.843215
0.0826167,2.44532
0.0826333,0.379447
0.08265,3.11989
0.0826667,2.10804
0.0826833,-2.44532
0.0827,-0.927536
0.0827167,3.96311
0.0827333,-1.64427
0.08275,0
0.0827667,2.48748
0.0827833,-1.89723
0.0828,3.83663
0.0828167,0.54809
0.0828333,0.168643
0.08285,4.63768
0.0828667,1.77075
0.0828833,0.505929
0.0829,-0.0421607
0.0829167,0
0.0829333,3.07773
0.08295,-0.54809
0.0829667,2.19236
0.0829833,2.23452
0.083,2.40316
0.0830167,2.95125
0.0830333,-0.969697
0.08305,2.10804
0.0830667,4.63768
0.0830833,-1.1805
0.0831,3.37286
0.0831167,4.76416
0.0831333,-3.62582
0.08315,-2.06588
0.0831667,0.885375
0.0831833,0.632411
0.0832,-0.0843215
0.0832167,2.86693
0.0832333,1.09618
0.08325,-3.83663
0.0832667,5.22793
0.0832833,1.34914
0.0833,0.252964
0.0833167,6.15547
0.0833333,2.23452
0.08335,-3.20422
0.0833667,1.89723
0.0833833,-0.758893
0.0834,0.632411
0.0834167,-3.37286
0.0834333,3.49934
0.08345,-0.168643
0.0834667,-1.47563
0.0834833,-0.210804
0.0835,1.55995
0.0835167,-1.26482
0.0835333,1.93939
0.08355,1.34914
0.0835667,0.885375
0.0835833,2.95125
0.0836,-1.26482
0.0836167,0.885375
0.0836333,-0.337286
0.08365,2.02372
0.0836667,-0.716733
0.0836833,-1.34914
0.0837,1.47563
0.0837167,0.632411
0.0837333,-1.68643
0.08375,-0.337286
0.0837667,1.26482
0.0837833,-1.26482
0.0838,2.40316
0.0838167,-1.13834
0.0838333,1.93939
0.08385,-0.210804
0.0838667,2.27668
0.0838833,-1.81291
0.0839,-0.885375
0.0839167,0
0.0839333,-1.09618
0.08395,1.55995
0.0839667,-0.0843215
0.0839833,1.01186
0.084,2.31884
0.0840167,-0.421607
0.0840333,-1.1805
0.08405,0.801054
0.0840667,0.421607
0.0840833,0.843215
0.0841,-1.43347
0.0841167,-0.505929
0.0841333,-2.52964
0.08415,2.65613
0.0841667,1.98155
0.0841833,2.78261
0.0842,-1.3913
0.0842167,0.758893
0.0842333,-3.24638
0.08425,-0.337286
0.0842667,1.60211
0.0842833,1.1805
0.0843,0.59025
0.0843167,1.98155
0.0843333,2.1502
0.08435,3.03557
0.0843667,-1.89723
0.0843833,4.55336
0.0844,0.927536
0.0844167,1.98155
0.0844333,1.05402
0.08445,1.22266
0.0844667,-2.78261
0.0844833,0.168643
0.0845,3.03557
0.0845167,1.77075
0.0845333,-2.57181
0.08455,2.06588
0.0845667,-3.20422
0.0845833,0.210804
0.0846,3.49934
0.0846167,-0.126482
0.0846333,-4.3004
0.08465,5.81818
0.0846667,-1.47563
0.0846833,-0.674572
0.0847,-1.85507
0.0847167,0.295125
0.0847333,0.505929
0.08475,-3.16206
0.0847667,5.01713
0.0847833,-2.31884
0.0848,-0.463768
0.0848167,-2.44532
0.0848333,1.22266
0.08485,-0.927536
0.0848667,-0.927536
0.0848833,1.09618
0.0849,0.168643
0.0849167,1.68643
0.0849333,0.210804
0.08495,-1.47563
0.0849667,0.295125
0.0849833,0.716733
0.085,0.252964
0.0850167,-1.47563
0.0850333,4.00527
0.08505,-1.93939
0.0850667,0.337286
0.0850833,4.76416
0.0851,1.51779
0.0851167,-1.55995
0.0851333,7.63109
0.08515,0.674572
0.0851667,-2.69829
0.0851833,1.26482
0.0852,4.93281
0.0852167,-0.59025
0.0852333,-0.210804
0.08525,3.75231
0.0852667,1.13834
0.0852833,-0.54809
0.0853,2.90909
0.0853167,1.47563
0.0853333,-4.00527
0.08535,1.3913
0.0853667,1.64427
0.0853833,-1.81291
0.0854,1.68643
0.0854167,2.90909
0.0854333,-3.5415
0.08545,2.06588
0.0854667,0.716733
0.0854833,2.99341
0.0855,-1.30698
0.0855167,-1.26482
0.0855333,0
0.08555,-0.969697
0.0855667,-0.59025
0.0855833,0.295125
0.0856,0.421607
0.0856167,2.44532
0.0856333,4.08959
0.08565,0.54809
0.0856667,0.969697
0.0856833,0.674572
0.0857,4.04743
0.0857167,-4.3004
0.0857333,-2.44532
0.08575,2.44532
0.0857667,-0.295125
0.0857833,2.90909
0.0858,5.56522
0.0858167,-0.59025
0.0858333,-2.48748
0.08585,-0.505929
0.0858667,-0.337286
0.0858833,-3.92095
0.0859,4.84848
0.0859167,2.69829
0.0859333,-2.02372
0.08595,3.58366
0.0859667,1.68643
0.0859833,-2.99341
0.086,1.43347
0.0860167,-0.54809
0.0860333,-3.45718
0.08605,1.30698
0.0860667,1.3913
0.0860833,-4.80632
0.0861,2.61397
0.0861167,0.927536
0.0861333,-0.421607
0.08615,-3.79447
0.0861667,2.10804
0.0861833,-3.49934
0.0862,-0.505929
0.0862167,2.48748
0.0862333,2.65613
0.08625,-1.30698
0.0862667,3.03557
0.0862833,0.843215
0.0863,2.69829
0.0863167,0.885375
0.0863333,1.01186
0.08635,-0.295125
0.0863667,0.885375
0.0863833,0.337286
0.0864,1.77075
0.0864167,4.46904
0.0864333,0.210804
0.08645,-1.30698
0.0864667,3.37286
0.0864833,-1.1805
0.0865,-3.03557
0.0865167,1.60211
0.0865333,3.41502
0.08655,4.59552
0.0865667,2.86693
0.0865833,1.05402
0.0866,3.41502
0.0866167,-0.54809
0.0866333,-0.885375
0.08665,-2.86693
0.0866667,2.23452
0.0866833,0.505929
0.0867,1.60211
0.0867167,-1.60211
0.0867333,-2.65613
0.08675,-3.5415
0.0867667,3.92095
0.0867833,-4.59552
0.0868,-1.30698
0.0868167,-1.34914
0.0868333,-0.0843215
0.08685,0
0.0868667,2.99341
0.0868833,-0.379447
0.0869,1.81291
0.0869167,-1.01186
0.0869333,1.26482
0.08695,2.90909
0.0869667,0.252964
0.0869833,3.66798
0.087,0.632411
0.0870167,2.10804
0.0870333,-0.843215
0.08705,1.3913
0.0870667,1.34914
0.0870833,-1.64427
0.0871,2.02372
0.0871167,1.09618
0.0871333,2.06588
0.08715,2.86693
0.0871667,-2.19236
0.0871833,2.1502
0.0872,0.505929
0.0872167,-2.40316
0.0872333,0.505929
0.08725,2.99341
0.0872667,-2.52964
0.0872833,4.38472
0.0873,-2.82477
0.0873167,2.19236
0.0873333,-1.13834
0.08735,3.45718
0.0873667,5.05929
0.0873833,-4.80632
0.0874,-2.27668
0.0874167,3.92095
0.0874333,-4.55336
0.08745,0.843215
0.0874667,5.31225
0.0874833,-0.716733
0.0875,-1.51779
0.0875167,1.30698
0.0875333,2.19236
0.08755,-0.674572
0.0875667,0.801054
0.0875833,1.22266
0.0876,-1.05402
0.0876167,1.81291
0.0876333,1.43347
0.08765,-3.24638
0.0876667,4.67984
0.0876833,-1.05402
0.0877,-0.59025
0.0877167,0.969697
0.0877333,2.65613
0.08775,-1.47563
0.0877667,-1.64427
0.0877833,2.65613
0.0878,0.59025
0.0878167,-2.90909
0.0878333,3.37286
0.08785,2.57181
0.0878667,0.927536
0.0878833,-0.295125
0.0879,3.66798
0.0879167,2.95125
0.0879333,0.0843215
0.08795,2.48748
0.0879667,-0.168643
0.0879833,-4.3004
0.088,3.11989
0.0880167,2.99341
0.0880333,1.55995
0.08805,0.126482
0.0880667,0.801054
0.0880833,-3.11989
0.0881,-1.22266
0.0881167,1.55995
0.0881333,0.337286
0.08815,0.379447
0.0881667,1.68643
0.0881833,2.23452
0.0882,-1.22266
0.0882167,1.43347
0.0882333,4.42688
0.08825,-2.361
0.0882667,3.37286
0.0882833,-0.505929
0.0883,0.168643
0.0883167,-0.421607
0.0883333,0.463768
0.08835,-2.90909
0.0883667,1.51779
0.0883833,2.90909
0.0884,0.674572
0.0884167,0.0421607
0.0884333,6.11331
0.08845,-3.45718
0.0884667,1.09618
0.0884833,3.16206
0.0885,1.51779
0.0885167,-3.62582
0.0885333,2.27668
0.08855,0.168643
0.0885667,1.55995
0.0885833,1.72859
0.0886,2.61397
0.0886167,-4.55336
0.0886333,-3.16206
0.08865,3.5415
0.0886667,-1.05402
0.0886833,3.20422
0.0887,-1.09618
0.0887167,3.11989
0.0887333,0.421607
0.08875,4.25823
0.0887667,2.74045
0.0887833,-0.252964
0.0888,-1.77075
0.0888167,2.61397
0.0888333,-4.00527
0.08885,3.11989
0.0888667,2.27668
0.0888833,2.27668
0.0889,-1.43347
0.0889167,3.37286
0.0889333,-1.05402
0.08895,0.59025
0.0889667,-3.41502
0.0889833,1.1805
0.089,5.39657
0.0890167,-4.55336
0.0890333,-1.05402
0.08905,-1.09618
0.0890667,-2.23452
0.0890833,-1.77075
0.0891,2.1502
0.0891167,-3.37286
0.0891333,-2.361
0.08915,1.34914
0.0891667,4.25823
0.0891833,-2.361
0.0892,1.1805
0.0892167,-2.19236
0.0892333,-0.801054
0.08925,2.82477
0.0892667,1.98155
0.0892833,0.210804
0.0893,-2.74045
0.0893167,-0.885375
0.0893333,4.13175
0.08935,-7.75758
0.0893667,4.00527
0.0893833,2.06588
0.0894,2.361
0.0894167,-2.90909
0.0894333,-1.47563
0.08945,-3.07773
0.0894667,-3.16206
0.0894833,3.66798
0.0895,3.96311
0.0895167,-1.26482
0.0895333,3.45718
0.08955,4.722
0.0895667,1.43347
0.0895833,1.60211
0.0896,-0.126482
0.0896167,0.379447
0.0896333,-1.1805
0.08965,2.40316
0.0896667,-2.23452
0.0896833,-1.98155
0.0897,-0.54809
0.0897167,1.98155
0.0897333,-1.43347
0.08975,3.71014
0.0897667,-2.06588
0.0897833,3.87879
0.0898,0.210804
0.0898167,-0.295125
0.0898333,3.66798
0.08985,1.68643
0.0898667,-0.0421607
0.0898833,-1.77075
0.0899,-0.337286
0.0899167,0.674572
0.0899333,1.68643
0.08995,0.337286
0.0899667,-2.1502
0.0899833,-1.26482
0.09,4.722
0.0900167,-0.168643
0.0900333,-0.843215
0.09005,3.92095
0.0900667,-2.48748
0.0900833,2.99341
0.0901,2.48748
0.0901167,0.969697
0.0901333,1.68643
0.09015,0.168643
0.0901667,7.79974
0.0901833,2.61397
0.0902,-6.15547
0.0902167,2.65613
0.0902333,5.14361
0.09025,0.126482
0.0902667,0
0.0902833,2.40316
0.0903,3.28854
0.0903167,-2.1502
0.0903333,0.801054
0.09035,5.43874
0.0903667,0.54809
0.0903833,0.379447
0.0904,2.10804
0.0904167,-2.40316
0.0904333,3.62582
0.09045,2.78261
0.0904667,-0.54809
0.0904833,-1.3913
0.0905,0.716733
0.0905167,2.95125
0.0905333,-3.03557
0.09055,1.93939
0.0905667,4.08959
0.0905833,-2.61397
0.0906,4.00527
0.0906167,1.34914
0.0906333,-3.28854
0.09065,0.295125
0.0906667,2.57181
0.0906833,-1.60211
0.0907,-2.90909
0.0907167,2.23452
0.0907333,3.28854
0.09075,-3.11989
0.0907667,2.82477
0.0907833,4.97497
0.0908,0.295125
0.0908167,1.60211
0.0908333,-1.13834
0.09085,1.43347
0.0908667,-0.843215
0.0908833,-3.20422
0.0909,2.61397
0.0909167,1.22266
0.0909333,-2.19236
0.09095,0.0843215
0.0909667,-0.927536
0.0909833,-3.49934
0.091,0.505929
0.0910167,0.379447
0.0910333,1.98155
0.09105,-2.31884
0.0910667,-1.64427
0.0910833,2.57181
0.0911,-2.57181
0.0911167,1.55995
0.0911333,2.57181
0.09115,-2.06588
0.0911667,1.47563
0.0911833,3.03557
0.0912,1.51779
0.0912167,-1.47563
0.0912333,0.674572
0.09125,2.65613
0.0912667,-1.77075
0.0912833,-4.89065
0.0913,4.63768
0.0913167,-0.632411
0.0913333,-3.28854
0.09135,3.45718
0.0913667,3.79447
0.0913833,-3.71014
0.0914,2.74045
0.0914167,5.14361
0.0914333,-3.28854
0.09145,-0.252964
0.0914667,4.25823
0.0914833,1.51779
0.0915,-3.03557
0.0915167,6.53491
0.0915333,-4.42688
0.09155,-0.379447
0.0915667,2.02372
0.0915833,2.31884
0.0916,-4.76416
0.0916167,5.39657
0.0916333,-0.168643
0.09165,-0.421607
0.0916667,-2.95125
0.0916833,4.25823
0.0917,-3.03557
0.0917167,1.77075
0.0917333,-4.722
0.09175,4.46904
0.0917667,1.1805
0.0917833,0.758893
0.0918,0.252964
0.0918167,1.1805
0.0918333,-1.1805
0.09185,0.632411
0.0918667,2.10804
0.0918833,0.126482
0.0919,-3.87879
0.0919167,0.632411
0.0919333,-1.09618
0.09195,-2.48748
0.0919667,2.78261
0.0919833,3.87879
0.092,-2.27668
0.0920167,-2.44532
0.0920333,1.13834
0.09205,5.81818
0.0920667,-0.0843215
0.0920833,1.93939
0.0921,3.11989
0.0921167,-5.56522
0.0921333,4.42688
0.09215,1.05402
0.0921667,3.49934
0.0921833,-1.05402
0.0922,5.98682
0.0922167,3.41502
0.0922333,-1.81291
0.09225,1.81291
0.0922667,7.12516
0.0922833,-5.18577
0.0923,3.24638
0.0923167,2.48748
0.0923333,1.60211
0.09235,-0.801054
0.0923667,1.81291
0.0923833,-0.421607
0.0924,-0.0421607
0.0924167,1.01186
0.0924333,2.27668
0.09245,-3.96311
0.0924667,8.17918
0.0924833,-0.758893
0.0925,-2.57181
0.0925167,2.40316
0.0925333,1.09618
0.09255,1.85507
0.0925667,-0.505929
0.0925833,1.13834
0.0926,-0.716733
0.0926167,-3.62582
0.0926333,1.3913
0.09265,1.05402
0.0926667,-2.19236
0.0926833,2.48748
0.0927,-1.34914
0.0927167,0
0.0927333,-1.72859
0.09275,-0.0421607
0.0927667,1.26482
0.0927833,3.49934
0.0928,1.1805
0.0928167,-0.674572
0.0928333,1.72859
0.09285,1.26482
0.0928667,-4.84848
0.0928833,5.01713
0.0929,4.63768
0.0929167,-6.32411
0.0929333,2.69829
0.09295,0.168643
0.0929667,0.295125
0.0929833,1.30698
0.093,1.34914
0.0930167,-0.505929
0.0930333,0.632411
0.09305,3.96311
0.0930667,0.252964
0.0930833,-4.67984
0.0931,3.79447
0.0931167,-0.59025
0.0931333,-0.505929
0.09315,3.20422
0.0931667,0.210804
0.0931833,-2.99341
0.0932,-4.38472
0.0932167,3.96311
0.0932333,-2.65613
0.09325,-2.78261
0.0932667,4.3004
0.0932833,-1.93939
0.0933,-4.00527
0.0933167,1.01186
0.0933333,3.11989
0.09335,-5.18577
0.0933667,-1.43347
0.0933833,6.57708
0.0934,-2.52964
0.0934167,-4.63768
0.0934333,4.3004
0.09345,3.20422
0.0934667,-4.08959
0.0934833,3.62582
0.0935,-0.54809
0.0935167,0.716733
0.0935333,2.27668
0.09355,1.47563
0.0935667,-5.18577
0.0935833,-0.843215
0.0936,6.28195
0.0936167,1.30698
0.0936333,3.5415
0.09365,0.210804
0.0936667,0.337286
0.0936833,-2.19236
0.0937,1.89723
0.0937167,1.60211
0.0937333,-1.77075
0.09375,3.92095
0.0937667,0.337286
0.0937833,-0.632411
0.0938,2.65613
0.0938167,0.295125
0.0938333,2.31884
0.09385,0.126482
0.0938667,-1.47563
0.0938833,2.1502
0.0939,0.168643
0.0939167,2.1502
0.0939333,0.337286
0.09395,2.82477
0.0939667,1.1805
0.0939833,-2.06588
0.094,0.54809
0.0940167,2.48748
0.0940333,1.34914
0.09405,1.77075
0.0940667,2.27668
0.0940833,-3.62582
0.0941,-2.06588
0.0941167,2.31884
0.0941333,3.07773
0.09415,2.1502
0.0941667,2.74045
0.0941833,3.11989
0.0942,-2.65613
0.0942167,1.22266
0.0942333,1.3913
0.09425,-1.55995
0.0942667,1.68643
0.0942833,0.505929
0.0943,1.72859
0.0943167,-1.34914
0.0943333,1.01186
0.09435,5.10145
0.0943667,-9.65481
0.0943833,1.77075
0.0944,2.65613
0.0944167,-3.41502
0.0944333,-3.16206
0.09445,1.1805
0.0944667,0.801054
0.0944833,-2.57181
0.0945,0.337286
0.0945167,6.23979
0.0945333,-0.421607
0.09455,0.337286
0.0945667,0.674572
0.0945833,-3.3307
0.0946,2.65613
0.0946167,2.02372
0.0946333,-0.885375
0.09465,-1.81291
0.0946667,-2.44532
0.0946833,1.22266
0.0947,1.93939
0.0947167,-3.37286
0.0947333,2.44532
0.09475,3.79447
0.0947667,-1.85507
0.0947833,-0.210804
0.0948,6.02899
0.0948167,2.31884
0.0948333,-4.25823
0.09485,3.71014
0.0948667,-0.252964
0.0948833,-3.79447
0.0949,2.82477
0.0949167,5.14361
0.0949333,-4.5112
0.09495,1.34914
0.0949667,2.1502
0.0949833,-1.1805
0.095,-1.89723
0.0950167,4.722
0.0950333,1.3913
0.09505,-5.14361
0.0950667,4.80632
0.0950833,0.843215
0.0951,-0.885375
0.0951167,5.60738
0.0951333,7.04084
0.09515,-4.3004
0.0951667,3.37286
0.0951833,4.55336
0.0952,-2.10804
0.0952167,-3.58366
0.0952333,2.74045
0.09525,-1.81291
0.0952667,-7.083
0.0952833,3.07773
0.0953,3.07773
0.0953167,-3.62582
0.0953333,0.505929
0.09535,7.96838
0.0953667,-2.52964
0.0953833,2.361
0.0954,2.31884
0.0954167,-0.126482
0.0954333,-4.34256
0.09545,2.48748
0.0954667,-1.1805
0.0954833,2.06588
0.0955,3.16206
0.0955167,-0.927536
0.0955333,-2.69829
0.09555,1.64427
0.0955667,1.93939
0.0955833,-1.22266
0.0956,3.79447
0.0956167,2.90909
0.0956333,-3.75231
0.09565,0.0843215
0.0956667,1.98155
0.0956833,-2.1502
0.0957,1.1805
0.0957167,2.44532
0.0957333,0.885375
0.09575,1.09618
0.0957667,1.72859
0.0957833,-2.10804
0.0958,0.801054
0.0958167,7.16733
0.0958333,-0.168643
0.09585,-1.55995
0.0958667,4.38472
0.0958833,-2.10804
0.0959,-3.24638
0.0959167,0.632411
0.0959333,2.1502
0.09595,-6.53491
0.0959667,2.65613
0.0959833,4.63768
0.096,-5.27009
0.0960167,-2.40316
0.0960333,8.01054
0.09605,0.463768
0.0960667,-5.27009
0.0960833,-1.81291
0.0961,5.14361
0.0961167,-6.57708
0.0961333,0.969697
0.09615,4.00527
0.0961667,-0.758893
0.0961833,1.43347
0.0962,1.72859
0.0962167,0
0.0962333,-5.05929
0.09625,2.361
0.0962667,-3.07773
0.0962833,-5.60738
0.0963,-0.168643
0.0963167,4.80632
0.0963333,-2.82477
0.09635,4.13175
0.0963667,6.23979
0.0963833,0.505929
0.0964,-5.05929
0.0964167,0.337286
0.0964333,1.55995
0.09645,-4.42688
0.0964667,1.81291
0.0964833,2.52964
0.0965,-3.03557
0.0965167,0.969697
0.0965333,1.30698
0.09655,-0.210804
0.0965667,1.34914
0.0965833,-0.421607
0.0966,0.421607
0.0966167,-1.51779
0.0966333,1.55995
0.09665,-3.37286
0.0966667,0.379447
0.0966833,1.1805
0.0967,3.24638
0.0967167,1.05402
0.0967333,0
0.09675,4.21607
0.0967667,2.40316
0.0967833,4.25823
0.0968,-1.43347
0.0968167,2.78261
0.0968333,3.58366
0.09685,-3.24638
0.0968667,-0.716733
0.0968833,4.59552
0.0969,-4.34256
0.0969167,-1.55995
0.0969333,5.77602
0.09695,2.74045
0.0969667,-4.08959
0.0969833,4.63768
0.097,3.83663
0.0970167,-4.34256
0.0970333,4.00527
0.09705,1.22266
0.0970667,-3.07773
0.0970833,2.02372
0.0971,6.32411
0.0971167,-1.85507
0.0971333,-3.87879
0.09715,2.61397
0.0971667,-0.421607
0.0971833,-1.43347
0.0972,1.43347
0.0972167,0.758893
0.0972333,-1.68643
0.09725,5.14361
0.0972667,-1.55995
0.0972833,3.20422
0.0973,-0.252964
0.0973167,2.23452
0.0973333,-1.68643
0.09735,0.337286
0.0973667,-0.210804
0.0973833,0
0.0974,-0.210804
0.0974167,3.58366
0.0974333,-0.54809
0.09745,1.34914
0.0974667,2.44532
0.0974833,-1.64427
0.0975,2.99341
0.0975167,3.79447
0.0975333,0.505929
0.09755,1.22266
0.0975667,-0.716733
0.0975833,1.01186
0.0976,-0.843215
0.0976167,1.22266
0.0976333,-0.59025
0.09765,-2.361
0.0976667,-1.72859
0.0976833,3.37286
0.0977,-2.95125
0.0977167,2.52964
0.0977333,-0.168643
0.09775,-1.01186
0.0977667,-1.1805
0.0977833,1.85507
0.0978,-1.47563
0.0978167,-4.21607
0.0978333,4.46904
0.09785,0.379447
0.0978667,-2.52964
0.0978833,0.758893
0.0979,4.46904
0.0979167,-5.31225
0.0979333,0.210804
0.09795,3.37286
0.0979667,-5.73386
0.0979833,-0.801054
0.098,4.93281
0.0980167,1.01186
0.0980333,-2.31884
0.09805,2.99341
0.0980667,2.19236
0.0980833,-2.52964
0.0981,3.45718
0.0981167,4.89065
0.0981333,-0.421607
0.09815,-0.421607
0.0981667,1.77075
0.0981833,-2.27668
0.0982,-2.69829
0.0982167,4.93281
0.0982333,-2.19236
0.09825,-0.927536
0.0982667,0.463768
0.0982833,2.57181
0.0983,-2.65613
0.0983167,2.82477
0.0983333,-0.885375
0.09835,-0.59025
0.0983667,-1.89723
0.0983833,3.83663
0.0984,1.09618
0.0984167,-1.22266
0.0984333,-2.10804
0.09845,1.34914
0.0984667,2.86693
0.0984833,3.16206
0.0985,-0.295125
0.0985167,0.505929
0.0985333,1.55995
0.09855,-0.54809
0.0985667,3.11989
0.0985833,2.23452
0.0986,0.885375
0.0986167,2.1502
0.0986333,6.8722
0.09865,1.09618
0.0986667,-1.60211
0.0986833,1.1805
0.0987,3.5415
0.0987167,1.85507
0.0987333,-0.801054
0.09875,1.05402
0.0987667,-0.969697
0.0987833,1.01186
0.0988,4.97497
0.0988167,-1.01186
0.0988333,-2.69829
0.09885,2.44532
0.0988667,0.210804
0.0988833,-2.99341
0.0989,2.23452
0.0989167,-0.463768
0.0989333,-2.99341
0.09895,5.98682
0.0989667,0.252964
0.0989833,-2.23452
0.099,1.89723
0.0990167,2.95125
0.0990333,0.674572
0.09905,-0.210804
0.0990667,4.42688
0.0990833,-4.13175
0.0991,0.168643
0.0991167,2.78261
0.0991333,0.0843215
0.09915,3.03557
0.0991667,-0.421607
0.0991833,-0.295125
0.0992,0.463768
0.0992167,-2.99341
0.0992333,-0.674572
0.09925,0.674572
0.0992667,0.758893
0.0992833,1.05402
0.0993,0.632411
0.0993167,1.3913
0.0993333,2.74045
0.09935,0.252964
0.0993667,3.16206
0.0993833,-0.295125
0.0994,3.28854
0.0994167,1.43347
0.0994333,-3.28854
0.09945,-1.1805
0.0994667,2.90909
0.0994833,-4.00527
0.0995,-5.73386
0.0995167,5.31225
0.0995333,0.379447
0.09955,-3.45718
0.0995667,-2.52964
0.0995833,4.3004
0.0996,0.505929
0.0996167,1.81291
0.0996333,-0.463768
0.09965,-0.252964
0.0996667,-1.47563
0.0996833,0.885375
0.0997,1.89723
0.0997167,-2.19236
0.0997333,-0.969697
0.09975,5.77602
0.0997667,-3.24638
0.0997833,-1.68643
0.0998,7.29381
0.0998167,-1.09618
0.0998333,-7.25165
0.09985,0.505929
0.0998667,3.58366
0.0998833,-1.60211
0.0999,2.361
0.0999167,2.31884
0.0999333,1.85507
0.09995,1.01186
0.0999667,3.03557
0.0999833,0.421607
0.1,-1.01186
0.100017,3.92095
0.100033,-3.24638
0.10005,1.93939
0.100067,3.96311
0.100083,1.26482
0.1001,0.210804
0.100117,-0.295125
0.100133,1.47563
0.10015,-0.252964
0.100167,-3.75231
0.100183,-0.843215
0.1002,2.06588
0.100217,2.23452
0.100233,1.09618
0.10025,-2.69829
0.100267,2.95125
0.100283,1.47563
0.1003,2.48748
0.100317,-0.168643
0.100333,4.13175
0.10035,1.72859
0.100367,-0.674572
0.100383,5.43874
0.1004,-1.22266
0.100417,0.168643
0.100433,2.61397
0.10045,0.463768
0.100467,-0.463768
0.100483,-0.126482
0.1005,1.3913
0.100517,-3.87879
0.100533,2.82477
0.10055,3.20422
0.100567,-5.73386
0.100583,-1.47563
0.1006,3.37286
0.100617,-0.716733
0.100633,-2.44532
0.10065,3.45718
0.100667,2.57181
0.100683,-2.31884
0.1007,3.03557
0.100717,5.22793
0.100733,-1.05402
0.10075,-2.06588
0.100767,3.87879
0.100783,-2.19236
0.1008,-2.40316
0.100817,5.27009
0.100833,-0.674572
0.10085,-2.361
0.100867,5.35441
0.100883,1.26482
0.1009,-1.30698
0.100917,7.75758
0.100933,5.14361
0.10095,4.42688
0.100967,-2.82477
0.100983,5.52306
0.101,0.758893
0.101017,-2.65613
0.101033,2.69829
0.10105,3.28854
0.101067,-2.99341
0.101083,2.10804
0.1011,1.85507
0.101117,-0.168643
0.101133,1.22266
0.10115,4.55336
0.101167,0.210804
0.101183,-2.52964
0.1012,-2.361
0.101217,1.81291
0.101233,0.716733
0.10125,1.13834
0.101267,0.379447
0.101283,4.00527
0.1013,1.60211
0.101317,-0.337286
0.101333,2.10804
0.10135,-2.95125
0.101367,0.295125
0.101383,5.14361
0.1014,-2.61397
0.101417,-1.05402
0.101433,3.03557
0.10145,-1.98155
0.101467,-3.92095
0.101483,2.10804
0.1015,0.927536
0.101517,-0.927536
0.101533,4.17391
0.10155,2.23452
0.101567,-1.60211
0.101583,5.39657
0.1016,3.75231
0.101617,0.885375
0.101633,4.13175
0.10165,0.379447
0.101667,3.87879
0.101683,-1.34914
0.1017,3.45718
0.101717,1.01186
0.101733,-1.05402
0.10175,0.969697
0.101767,4.38472
0.101783,2.10804
0.1018,1.43347
0.101817,-2.61397
0.101833,0.295125
0.10185,-0.463768
0.101867,4.08959
0.101883,-1.01186
0.1019,-0.969697
0.101917,5.18577
0.101933,-1.64427
0.10195,-0.885375
0.101967,2.78261
0.101983,4.93281
0.102,0
0.102017,1.01186
0.102033,-0.758893
0.10205,3.28854
0.102067,2.82477
0.102083,-0.210804
0.1021,0.0843215
0.102117,-0.632411
0.102133,5.14361
0.10215,-1.05402
0.102167,1.68643
0.102183,1.55995
0.1022,1.81291
0.102217,1.98155
0.102233,3.07773
0.10225,2.02372
0.102267,0.716733
0.102283,0.421607
0.1023,5.35441
0.102317,-0.59025
0.102333,0.885375
0.10235,2.82477
0.102367,-6.15547
0.102383,3.96311
0.1024,3.66798
0.102417,-2.78261
0.102433,2.27668
0.10245,0.843215
0.102467,-0.126482
0.102483,-1.01186
0.1025,0.927536
0.102517,-0.337286
0.102533,-3.45718
0.10255,-0.295125
0.102567,2.48748
0.102583,-3.37286
0.1026,4.55336
0.102617,-3.3307
0.102633,1.26482
0.10265,-0.168643
0.102667,1.05402
0.102683,0.716733
0.1027,-4.00527
0.102717,3.03557
0.102733,4.67984
0.10275,-7.16733
0.102767,3.79447
0.102783,-0.421607
0.1028,0.969697
0.102817,1.81291
0.102833,1.43347
0.10285,5.60738
0.102867,-1.05402
0.102883,-2.95125
0.1029,0.295125
0.102917,-1.1805
0.102933,4.80632
0.10295,0.337286
0.102967,0.758893
0.102983,-2.1502
0.103,-0.59025
0.103017,0.0843215
0.103033,-1.68643
0.10305,-1.72859
0.103067,5.52306
0.103083,-0.969697
0.1031,2.31884
0.103117,2.44532
0.103133,0.0421607
0.10315,-1.68643
0.103167,1.22266
0.103183,3.07773
0.1032,1.26482
0.103217,1.64427
0.103233,0.674572
0.10325,-2.74045
0.103267,-2.40316
0.103283,2.1502
0.1033,2.65613
0.103317,2.1502
0.103333,2.52964
0.10335,4.97497
0.103367,-1.89723
0.103383,1.77075
0.1034,3.75231
0.103417,2.52964
0.103433,-1.89723
0.10345,2.90909
0.103467,3.96311
0.103483,-2.02372
0.1035,-1.43347
0.103517,1.93939
0.103533,1.3913
0.10355,1.77075
0.103567,3.49934
0.103583,1.09618
0.1036,1.68643
0.103617,4.04743
0.103633,2.27668
0.10365,-2.1502
0.103667,2.86693
0.103683,-4.08959
0.1037,0.716733
0.103717,4.21607
0.103733,-1.43347
0.10375,-4.5112
0.103767,3.07773
0.103783,0.716733
0.1038,-1.60211
0.103817,0
0.103833,-0.59025
0.10385,0.758893
0.103867,0.54809
0.103883,4.17391
0.1039,-0.463768
0.103917,0.885375
0.103933,1.81291
0.10395,-1.93939
0.103967,0.126482
0.103983,4.42688
0.104,1.1805
0.104017,-3.3307
0.104033,3.45718
0.10405,2.27668
0.104067,-5.4809
0.104083,0.210804
0.1041,5.9025
0.104117,2.40316
0.104133,-2.52964
0.10415,5.43874
0.104167,0.168643
0.104183,1.51779
0.1042,3.07773
0.104217,0.969697
0.104233,-3.49934
0.10425,8.93808
0.104267,4.93281
0.104283,-2.06588
0.1043,-3.03557
0.104317,6.11331
0.104333,-4.42688
0.10435,2.95125
0.104367,5.18577
0.104383,-3.03557
0.1044,0.126482
0.104417,5.60738
0.104433,-1.47563
0.10445,-3.16206
0.104467,5.52306
0.104483,0.505929
0.1045,-5.6917
0.104517,5.64954
0.104533,2.61397
0.10455,-3.41502
0.104567,2.23452
0.104583,0.969697
0.1046,1.72859
0.104617,-2.361
0.104633,3.5415
0.10465,0.463768
0.104667,-1.1805
0.104683,4.21607
0.1047,2.19236
0.104717,-3.5415
0.104733,1.93939
0.10475,0.210804
0.104767,-0.758893
0.104783,2.1502
0.1048,0.801054
0.104817,-0.421607
0.104833,-0.210804
0.10485,2.65613
0.104867,0.632411
0.104883,-3.45718
0.1049,1.89723
0.104917,2.69829
0.104933,-0.295125
0.10495,6.53491
0.104967,-1.89723
0.104983,0.969697
0.105,0.295125
0.105017,1.98155
0.105033,0.969697
0.10505,0.716733
0.105067,3.62582
0.105083,-0.716733
0.1051,-0.927536
0.105117,4.00527
0.105133,-0.168643
0.10515,0.0421607
0.105167,3.87879
0.105183,-0.421607
0.1052,0.674572
0.105217,-0.54809
0.105233,-1.85507
0.10525,-3.07773
0.105267,4.13175
0.105283,0.463768
0.1053,-3.58366
0.105317,4.13175
0.105333,2.78261
0.10535,-3.28854
0.105367,3.62582
0.105383,-0.716733
0.1054,0.54809
0.105417,2.40316
0.105433,-1.3913
0.10545,-1.77075
0.105467,2.86693
0.105483,0.801054
0.1055,1.05402
0.105517,-3.87879
0.105533,0.379447
0.10555,3.45718
0.105567,0.295125
0.105583,2.31884
0.1056,0.0843215
0.105617,0.126482
0.105633,2.1502
0.10565,1.3913
0.105667,-3.03557
0.105683,-2.74045
0.1057,0.337286
0.105717,5.43874
0.105733,-2.52964
0.10575,3.45718
0.105767,1.22266
0.105783,-1.72859
0.1058,-1.72859
0.105817,0.801054
0.105833,3.83663
0.10585,-1.3913
0.105867,0.210804
0.105883,-0.927536
0.1059,1.09618
0.105917,1.1805
0.105933,0.505929
0.10595,3.96311
0.105967,3.37286
0.105983,-1.47563
0.106,2.78261
0.106017,-3.45718
0.106033,5.56522
0.10605,2.27668
0.106067,-1.98155
0.106083,3.16206
0.1061,-0.0421607
0.106117,1.01186
0.106133,-1.30698
0.10615,-0.0843215
0.106167,-2.06588
0.106183,0.885375
0.1062,-1.93939
0.106217,-0.0421607
0.106233,1.43347
0.10625,0.674572
0.106267,-0.379447
0.106283,-2.19236
0.1063,-1.43347
0.106317,1.89723
0.106333,-0.505929
0.10635,2.48748
0.106367,1.01186
0.106383,2.40316
0.1064,0.0843215
0.106417,2.57181
0.106433,3.24638
0.10645,3.45718
0.106467,-6.83004
0.106483,-3.28854
0.1065,2.06588
0.106517,1.72859
0.106533,0.505929
0.10655,-1.51779
0.106567,2.48748
0.106583,1.98155
0.1066,1.55995
0.106617,-1.77075
0.106633,4.00527
0.10665,2.10804
0.106667,0.421607
0.106683,0.758893
0.1067,3.07773
0.106717,-1.34914
0.106733,2.19236
0.10675,-0.632411
0.106767,-0.295125
0.106783,-0.674572
0.1068,2.74045
0.106817,1.68643
0.106833,-1.09618
0.10685,-3.03557
0.106867,6.49275
0.106883,-1.47563
0.1069,0.969697
0.106917,1.30698
0.106933,2.86693
0.10695,-1.34914
0.106967,2.02372
0.106983,1.22266
0.107,-0.295125
0.107017,-2.74045
0.107033,2.82477
0.10705,-3.28854
0.107067,-4.25823
0.107083,3.3307
0.1071,-2.65613
0.107117,1.05402
0.107133,-0.0843215
0.10715,-0.0421607
0.107167,-2.40316
0.107183,3.71014
0.1072,4.46904
0.107217,-6.19763
0.107233,-4.63768
0.10725,1.72859
0.107267,-2.95125
0.107283,-0.295125
0.1073,1.68643
0.107317,3.3307
0.107333,-3.5415
0.10735,2.65613
0.107367,4.722
0.107383,0.54809
0.1074,2.82477
0.107417,4.25823
0.107433,-0.843215
0.10745,4.00527
0.107467,0.843215
0.107483,-3.66798
0.1075,-1.64427
0.107517,1.3913
0.107533,-1.72859
0.10755,2.78261
0.107567,0.379447
0.107583,2.82477
0.1076,-2.74045
0.107617,3.79447
0.107633,4.67984
0.10765,-6.02899
0.107667,1.26482
0.107683,2.61397
0.1077,0.337286
0.107717,-2.95125
0.107733,1.51779
0.10775,0.716733
0.107767,-1.34914
0.107783,1.55995
0.1078,3.62582
0.107817,0.126482
0.107833,4.04743
0.10785,0.758893
0.107867,0.295125
0.107883,3.24638
0.1079,3.3307
0.107917,-0.295125
0.107933,0.126482
0.10795,3.11989
0.107967,1.26482
0.107983,0.885375
0.108,2.78261
0.108017,1.26482
0.108033,-4.97497
0.10805,2.10804
0.108067,1.77075
0.108083,-1.55995
0.1081,-2.02372
0.108117,5.6917
0.108133,1.01186
0.10815,-2.65613
0.108167,0.927536
0.108183,0.969697
0.1082,-2.57181
0.108217,0
0.108233,4.38472
0.10825,-1.05402
0.108267,1.60211
0.108283,2.27668
0.1083,-0.252964
0.108317,-3.58366
0.108333,2.82477
0.10835,1.51779
0.108367,-1.72859
0.108383,-0.126482
0.1084,-1.77075
0.108417,-1.22266
0.108433,-0.463768
0.10845,0.210804
0.108467,-0.168643
0.108483,0.379447
0.1085,0.59025
0.108517,1.22266
0.108533,-2.10804
0.10855,2.10804
0.108567,-0.927536
0.108583,-0.0843215
0.1086,1.68643
0.108617,0.885375
0.108633,-7.29381
0.10865,1.93939
0.108667,2.40316
0.108683,2.06588
0.1087,-1.68643
0.108717,1.43347
0.108733,-0.843215
0.10875,-0.505929
0.108767,2.19236
0.108783,1.01186
0.1088,-0.168643
0.108817,1.68643
0.108833,3.66798
0.10885,-0.505929
0.108867,0.337286
0.108883,3.24638
0.1089,0.758893
0.108917,0.463768
0.108933,-0.59025
0.10895,2.52964
0.108967,0.168643
0.108983,3.62582
0.109,1.60211
0.109017,0.801054
0.109033,-4.17391
0.10905,0.379447
0.109067,3.11989
0.109083,1.72859
0.1091,0.210804
0.109117,0.168643
0.109133,1.51779
0.10915,0.969697
0.109167,4.04743
0.109183,-3.49934
0.1092,2.10804
0.109217,1.34914
0.109233,3.66798
0.10925,3.92095
0.109267,4.59552
0.109283,1.43347
0.1093,-0.59025
0.109317,-0.59025
0.109333,2.361
0.10935,-0.0843215
0.109367,0.379447
0.109383,-0.801054
0.1094,-0.210804
0.109417,1.43347
0.109433,0.885375
0.10945,1.47563
0.109467,2.74045
0.109483,1.55995
0.1095,-0.210804
0.109517,3.11989
0.109533,2.69829
0.10955,0
0.109567,4.722
0.109583,3.37286
0.1096,4.25823
0.109617,1.98155
0.109633,3.20422
0.10965,-0.168643
0.109667,-0.674572
0.109683,-1.09618
0.1097,0.421607
0.109717,0.674572
0.109733,-1.43347
0.10975,0.0843215
0.109767,1.34914
0.109783,-0.885375
0.1098,1.30698
0.109817,-2.78261
0.109833,1.09618
0.10985,-0.463768
0.109867,2.95125
0.109883,-1.89723
0.1099,-0.295125
0.109917,2.48748
0.109933,1.09618
0.10995,-3.24638
0.109967,0.801054
0.109983,-1.81291
0.11,-1.51779
0.110017,2.65613
0.110033,4.38472
0.11005,-1.81291
0.110067,0.885375
0.110083,3.58366
0.1101,-0.421607
0.110117,2.57181
0.110133,4.59552
0.11015,0.295125
0.110167,0.801054
0.110183,7.16733
0.1102,1.43347
0.110217,-0.295125
0.110233,0.716733
0.11025,0.674572
0.110267,-1.13834
0.110283,5.18577
0.1103,-0.337286
0.110317,-2.361
0.110333,0.674572
0.11035,1.51779
0.110367,-1.05402
0.110383,3.07773
0.1104,1.34914
0.110417,-0.969697
0.110433,-0.505929
0.11045,2.65613
0.110467,-2.10804
0.110483,3.37286
0.1105,2.31884
0.110517,0.801054
0.110533,-0.843215
0.11055,0.885375
0.110567,-0.0843215
0.110583,0.801054
0.1106,0.632411
0.110617,0.295125
0.110633,1.47563
0.11065,-0.252964
0.110667,1.64427
0.110683,-3.41502
0.1107,1.3913
0.110717,1.01186
0.110733,-1.81291
0.11075,2.65613
0.110767,1.93939
0.110783,1.98155
0.1108,0.801054
0.110817,5.43874
0.110833,1.43347
0.11085,2.1502
0.110867,-2.361
0.110883,6.45059
0.1109,-0.0843215
0.110917,0.716733
0.110933,-1.72859
0.11095,-1.09618
0.110967,-0.969697
0.110983,1.09618
0.111,1.26482
0.111017,-4.722
0.111033,0.0421607
0.11105,2.10804
0.111067,-1.09618
0.111083,5.10145
0.1111,2.31884
0.111117,-3.03557
0.111133,1.60211
0.11115,2.1502
0.111167,1.34914
0.111183,-7.67325
0.1112,6.61924
0.111217,1.22266
0.111233,-0.210804
0.11125,1.3913
0.111267,2.1502
0.111283,-1.09618
0.1113,3.07773
0.111317,-2.82477
0.111333,-0.758893
0.11135,-3.11989
0.111367,1.98155
0.111383,1.1805
0.1114,-0.885375
0.111417,-2.361
0.111433,0.295125
0.11145,-0.969697
0.111467,2.86693
0.111483,-3.83663
0.1115,2.69829
0.111517,-0.969697
0.111533,1.72859
0.11155,1.01186
0.111567,-1.26482
0.111583,3.96311
0.1116,1.01186
0.111617,-1.3913
0.111633,-1.77075
0.11165,1.01186
0.111667,-0.969697
0.111683,1.43347
0.1117,-1.64427
0.111717,1.85507
0.111733,-0.463768
0.11175,5.6917
0.111767,-3.28854
0.111783,-0.843215
0.1118,1.47563
0.111817,0.0843215
0.111833,0.843215
0.11185,1.60211
0.111867,0.674572
0.111883,6.02899
0.1119,-2.23452
0.111917,0.716733
0.111933,3.37286
0.11195,1.01186
0.111967,-1.43347
0.111983,-1.89723
0.112,2.52964
0.112017,1.77075
0.112033,-0.969697
0.11205,0.54809
0.112067,0.716733
0.112083,-0.295125
0.1121,6.11331
0.112117,-4.59552
0.112133,0.0421607
0.11215,0.126482
0.112167,-2.61397
0.112183,-0.421607
0.1122,-3.5415
0.112217,0.252964
0.112233,-1.51779
0.11225,-2.06588
0.112267,-1.43347
0.112283,1.47563
0.1123,-0.168643
0.112317,1.05402
0.112333,0.59025
0.11235,1.26482
0.112367,2.48748
0.112383,3.37286
0.1124,4.04743
0.112417,-3.16206
0.112433,0.801054
0.11245,-0.505929
0.112467,1.26482
0.112483,0
0.1125,-0.295125
0.112517,2.44532
0.112533,2.27668
0.11255,2.02372
0.112567,3.03557
0.112583,-4.00527
0.1126,1.22266
0.112617,2.95125
0.112633,-1.55995
0.11265,1.60211
0.112667,0.421607
0.112683,0
0.1127,1.1805
0.112717,2.69829
0.112733,0.969697
0.11275,1.09618
0.112767,2.31884
0.112783,0.210804
0.1128,-2.40316
0.112817,-0.421607
0.112833,4.89065
0.11285,-0.969697
0.112867,1.60211
0.112883,1.77075
0.1129,1.1805
0.112917,-1.93939
0.112933,2.1502
0.11295,0.0843215
0.112967,1.81291
0.112983,-0.168643
0.113,1.09618
0.113017,3.5415
0.113033,-4.04743
0.11305,1.85507
0.113067,6.32411
0.113083,-1.81291
0.1131,-5.22793
0.113117,4.89065
0.113133,-3.11989
0.11315,-6.57708
0.113167,4.59552
0.113183,-0.168643
0.1132,-3.5415
0.113217,3.16206
0.113233,2.06588
0.11325,-1.30698
0.113267,-1.98155
0.113283,5.14361
0.1133,0.295125
0.113317,0.252964
0.113333,3.66798
0.11335,-4.97497
0.113367,-0.59025
0.113383,2.57181
0.1134,-0.843215
0.113417,-2.95125
0.113433,2.82477
0.11345,1.13834
0.113467,-1.47563
0.113483,-3.28854
0.1135,4.76416
0.113517,-1.26482
0.113533,-0.716733
0.11355,2.57181
0.113567,2.86693
0.113583,2.1502
0.1136,-4.55336
0.113617,-1.47563
0.113633,2.27668
0.11365,2.1502
0.113667,-1.81291
0.113683,1.47563
0.1137,2.90909
0.113717,6.6614
0.113733,3.92095
0.11375,1.89723
0.113767,-0.295125
0.113783,0.295125
0.1138,2.61397
0.113817,2.31884
0.113833,-0.59025
0.11385,2.06588
0.113867,3.24638
0.113883,-1.72859
0.1139,1.43347
0.113917,4.25823
0.113933,2.57181
0.11395,-1.51779
0.113967,1.81291
0.113983,1.64427
0.114,-0.126482
0.114017,-3.71014
0.114033,2.361
0.11405,0.885375
0.114067,4.21607
0.114083,7.92622
0.1141,0.168643
0.114117,0.716733
0.114133,2.95125
0.11415,-3.24638
0.114167,-1.22266
0.114183,1.09618
0.1142,4.63768
0.114217,-2.48748
0.114233,-1.13834
0.11425,-1.1805
0.114267,1.05402
0.114283,-1.64427
0.1143,3.03557
0.114317,-2.57181
0.114333,-1.3913
0.11435,1.26482
0.114367,5.01713
0.114383,1.64427
0.1144,1.89723
0.114417,3.24638
0.114433,2.86693
0.11445,-0.885375
0.114467,-1.64427
0.114483,0.0843215
0.1145,-4.25823
0.114517,3.87879
0.114533,3.66798
0.11455,-6.83004
0.114567,-1.05402
0.114583,2.74045
0.1146,-0.716733
0.114617,3.24638
0.114633,-2.06588
0.11465,5.10145
0.114667,-3.20422
0.114683,-3.49934
0.1147,2.31884
0.114717,-0.59025
0.114733,1.01186
0.11475,2.19236
0.114767,-2.90909
0.114783,1.98155
0.1148,-0.801054
0.114817,-1.51779
0.114833,-0.0843215
0.11485,0.843215
0.114867,-0.674572
0.114883,-1.43347
0.1149,0.421607
0.114917,2.361
0.114933,-1.01186
0.11495,5.27009
0.114967,0.758893
0.114983,3.3307
0.115,-1.3913
0.115017,-1.09618
0.115033,2.10804
0.11505,2.27668
0.115067,0.379447
0.115083,3.03557
0.1151,-3.45718
0.115117,2.23452
0.115133,0
0.11515,-1.64427
0.115167,2.61397
0.115183,-0.843215
0.1152,-1.47563
0.115217,-2.31884
0.115233,0.801054
0.11525,1.09618
0.115267,-0.505929
0.115283,4.21607
0.1153,-0.168643
0.115317,0.801054
0.115333,2.10804
0.11535,-1.30698
0.115367,-0.252964
0.115383,0.716733
0.1154,1.93939
0.115417,0.0421607
0.115433,3.24638
0.11545,2.02372
0.115467,-3.5415
0.115483,2.23452
0.1155,4.00527
0.115517,-1.05402
0.115533,3.03557
0.11555,2.52964
0.115567,-2.65613
0.115583,-1.81291
0.1156,-0.379447
0.115617,1.93939
0.115633,-2.65613
0.11565,1.47563
0.115667,1.60211
0.115683,1.47563
0.1157,0.758893
0.115717,3.03557
0.115733,-0.421607
0.11575,-2.1502
0.115767,0.843215
0.115783,2.23452
0.1158,0.0421607
0.115817,-1.30698
0.115833,1.1805
0.11585,0.843215
0.115867,0.0421607
0.115883,-1.34914
0.1159,4.00527
0.115917,-4.93281
0.115933,1.89723
0.11595,-0.758893
0.115967,-1.26482
0.115983,4.3004
0.116,-1.64427
0.116017,-1.22266
0.116033,-0.505929
0.11605,5.01713
0.116067,-1.22266
0.116083,0.632411
0.1161,1.34914
0.116117,-1.68643
0.116133,-2.19236
0.11615,1.85507
0.116167,2.78261
0.116183,-2.78261
0.1162,2.44532
0.116217,5.22793
0.116233,-1.3913
0.11625,-2.23452
0.116267,1.47563
0.116283,5.43874
0.1163,-2.65613
0.116317,-1.60211
0.116333,1.05402
0.11635,2.86693
0.116367,2.61397
0.116383,1.34914
0.1164,3.11989
0.116417,2.74045
0.116433,0.379447
0.11645,3.49934
0.116467,-5.05929
0.116483,4.67984
0.1165,0.421607
0.116517,-1.34914
0.116533,3.66798
0.11655,3.71014
0.116567,1.64427
0.116583,-1.47563
0.1166,-0.632411
0.116617,2.23452
0.116633,-0.0843215
0.11665,1.30698
0.116667,1.05402
0.116683,0.59025
0.1167,2.86693
0.116717,1.85507
0.116733,-2.361
0.11675,3.66798
0.116767,4.21607
0.116783,2.23452
0.1168,-0.0421607
0.116817,0.252964
0.116833,-1.1805
0.11685,3.20422
0.116867,0.337286
0.116883,0.252964
0.1169,-1.68643
0.116917,0.674572
0.116933,-2.40316
0.11695,1.68643
0.116967,4.13175
0.116983,1.55995
0.117,-1.47563
0.117017,-0.54809
0.117033,-0.252964
0.11705,-0.54809
0.117067,-0.632411
0.117083,2.95125
0.1171,-0.59025
0.117117,2.65613
0.117133,3.96311
0.11715,0.168643
0.117167,1.98155
0.117183,1.30698
0.1172,1.30698
0.117217,-1.22266
0.117233,2.78261
0.11725,0.969697
0.117267,-1.30698
0.117283,0.252964
0.1173,2.06588
0.117317,-1.01186
0.117333,1.30698
0.11735,3.03557
0.117367,-1.51779
0.117383,-2.90909
0.1174,0.716733
0.117417,1.09618
0.117433,-2.82477
0.11745,0.210804
0.117467,4.21607
0.117483,-0.505929
0.1175,-1.01186
0.117517,4.97497
0.117533,0.168643
0.11755,-1.30698
0.117567,1.01186
0.117583,1.22266
0.1176,-0.0843215
0.117617,-1.1805
0.117633,0.379447
0.11765,-2.10804
0.117667,3.58366
0.117683,3.20422
0.1177,-3.28854
0.117717,0.421607
0.117733,0.505929
0.11775,-0.210804
0.117767,-1.72859
0.117783,-1.64427
0.1178,2.44532
0.117817,-1.47563
0.117833,-1.1805
0.11785,6.74572
0.117867,0.632411
0.117883,-1.22266
0.1179,0.674572
0.117917,1.09618
0.117933,2.86693
0.11795,-0.632411
0.117967,-3.20422
0.117983,5.01713
0.118,1.64427
0.118017,1.3913
0.118033,1.60211
0.11805,-1.51779
0.118067,5.14361
0.118083,1.89723
0.1181,-0.295125
0.118117,2.1502
0.118133,2.95125
0.11815,0.295125
0.118167,-3.3307
0.118183,2.31884
0.1182,0.379447
0.118217,-8.60079
0.118233,2.27668
0.11825,1.13834
0.118267,-3.16206
0.118283,0.295125
0.1183,1.85507
0.118317,-1.1805
0.118333,-3.66798
0.11835,3.20422
0.118367,-1.51779
0.118383,-2.82477
0.1184,1.43347
0.118417,2.74045
0.118433,1.13834
0.11845,0.801054
0.118467,3.92095
0.118483,1.05402
0.1185,-0.927536
0.118517,0.421607
0.118533,2.23452
0.11855,-3.92095
0.118567,3.45718
0.118583,1.22266
0.1186,-4.3004
0.118617,2.361
0.118633,1.13834
0.11865,-1.01186
0.118667,-0.632411
0.118683,1.77075
0.1187,-1.47563
0.118717,-2.19236
0.118733,5.43874
0.11875,0.632411
0.118767,-0.295125
0.118783,5.60738
0.1188,1.01186
0.118817,-2.95125
0.118833,-1.3913
0.11885,1.05402
0.118867,-3.62582
0.118883,2.40316
0.1189,0.716733
0.118917,-0.295125
0.118933,2.65613
0.11895,3.16206
0.118967,-2.10804
0.118983,0.758893
0.119,3.28854
0.119017,1.89723
0.119033,3.5415
0.11905,0.716733
0.119067,4.722
0.119083,1.68643
0.1191,5.77602
0.119117,-0.295125
0.119133,0.59025
0.11915,4.89065
0.119167,1.77075
0.119183,-1.05402
0.1192,-1.05402
0.119217,3.11989
0.119233,-0.843215
0.11925,-2.23452
0.119267,0.674572
0.119283,-0.632411
0.1193,-1.68643
0.119317,3.87879
0.119333,-0.59025
0.11935,4.21607
0.119367,-1.13834
0.119383,-0.295125
0.1194,-2.95125
0.119417,5.9025
0.119433,3.3307
0.11945,-6.11331
0.119467,-2.65613
0.119483,5.81818
0.1195,-3.62582
0.119517,-2.40316
0.119533,2.61397
0.11955,1.09618
0.119567,-2.57181
0.119583,3.49934
0.1196,-0.843215
0.119617,1.60211
0.119633,2.40316
0.11965,1.60211
0.119667,-0.927536
0.119683,2.44532
0.1197,5.01713
0.119717,1.05402
0.119733,-3.3307
0.11975,4.21607
0.119767,3.3307
0.119783,0.252964
0.1198,1.01186
0.119817,4.17391
0.119833,0.463768
0.11985,0.885375
0.119867,-0.505929
0.119883,-4.21607
0.1199,-1.01186
0.119917,0.927536
0.119933,1.22266
0.11995,-0.632411
0.119967,2.44532
0.119983,5.39657
0.12,-0.0421607
0.120017,1.1805
0.120033,7.083
0.12005,-1.81291
0.120067,3.16206
0.120083,-0.758893
0.1201,3.11989
0.120117,2.69829
0.120133,0.379447
0.12015,-2.86693
0.120167,2.06588
0.120183,1.51779
0.1202,3.71014
0.120217,0.210804
0.120233,-1.68643
0.12025,1.98155
0.120267,-1.01186
0.120283,2.65613
0.1203,1.89723
0.120317,-1.05402
0.120333,1.85507
0.12035,1.43347
0.120367,-1.22266
0.120383,1.98155
0.1204,0.337286
0.120417,-3.16206
0.120433,-0.421607
0.12045,4.17391
0.120467,-4.17391
0.120483,-2.19236
0.1205,1.60211
0.120517,-2.99341
0.120533,-3.83663
0.12055,1.30698
0.120567,1.43347
0.120583,1.1805
0.1206,1.77075
0.120617,5.43874
0.120633,0.337286
0.12065,0.295125
0.120667,4.25823
0.120683,-3.20422
0.1207,1.30698
0.120717,3.71014
0.120733,-0.801054
0.12075,-2.1502
0.120767,-0.295125
0.120783,2.95125
0.1208,-0.210804
0.120817,0.126482
0.120833,1.26482
0.12085,0.801054
0.120867,-2.82477
0.120883,-1.30698
0.1209,3.20422
0.120917,-0.969697
0.120933,-1.51779
0.12095,1.47563
0.120967,3.62582
0.120983,1.93939
0.121,1.55995
0.121017,2.86693
0.121033,0.421607
0.12105,3.16206
0.121067,3.11989
0.121083,1.55995
0.1211,-2.86693
0.121117,7.04084
0.121133,-0.0421607
0.12115,0.969697
0.121167,3.66798
0.121183,0.969697
0.1212,0.54809
0.121217,4.59552
0.121233,-1.05402
0.12125,0.295125
0.121267,0.126482
0.121283,0.379447
0.1213,3.96311
0.121317,0.0843215
0.121333,0.632411
0.12135,3.96311
0.121367,0.168643
0.121383,-2.02372
0.1214,3.41502
0.121417,-2.06588
0.121433,-2.99341
0.12145,2.1502
0.121467,2.78261
0.121483,-2.06588
0.1215,0.505929
0.121517,2.23452
0.121533,-0.252964
0.12155,1.13834
0.121567,1.68643
0.121583,-1.51779
0.1216,2.10804
0.121617,3.58366
0.121633,-0.632411
0.12165,-0.632411
0.121667,-1.60211
0.121683,-1.72859
0.1217,-1.55995
0.121717,5.64954
0.121733,-0.885375
0.12175,-2.78261
0.121767,1.98155
0.121783,0.505929
0.1218,-5.22793
0.121817,1.01186
0.121833,3.71014
0.12185,1.30698
0.121867,2.99341
0.121883,0.843215
0.1219,3.28854
0.121917,2.23452
0.121933,1.30698
0.12195,-0.969697
0.121967,2.57181
0.121983,1.1805
0.122,-1.55995
0.122017,-0.674572
0.122033,4.08959
0.12205,-1.26482
0.122067,-3.45718
0.122083,-2.19236
0.1221,-1.30698
0.122117,-3.28854
0.122133,3.83663
0.12215,2.06588
0.122167,1.01186
0.122183,5.22793
0.1222,3.5415
0.122217,-1.34914
0.122233,-3.41502
0.12225,8.30567
0.122267,-0.54809
0.122283,-3.83663
0.1223,8.30567
0.122317,2.69829
0.122333,-4.17391
0.12235,1.60211
0.122367,4.17391
0.122383,-4.21607
0.1224,1.81291
0.122417,6.02899
0.122433,-3.45718
0.12245,-2.48748
0.122467,9.27536
0.122483,-4.59552
0.1225,-0.59025
0.122517,6.32411
0.122533,-2.1502
0.12255,-2.1502
0.122567,5.81818
0.122583,5.35441
0.1226,-5.52306
0.122617,0.758893
0.122633,5.81818
0.12265,-2.02372
0.122667,-3.28854
0.122683,3.66798
0.1227,0.843215
0.122717,2.48748
0.122733,5.35441
0.12275,1.05402
0.122767,-0.758893
0.122783,3.71014
0.1228,1.64427
0.122817,-3.45718
0.122833,2.44532
0.12285,1.81291
0.122867,1.05402
0.122883,3.37286
0.1229,5.73386
0.122917,-0.168643
0.122933,0.843215
0.12295,3.37286
0.122967,2.78261
0.122983,1.51779
0.123,1.34914
0.123017,1.93939
0.123033,1.51779
0.12305,2.95125
0.123067,1.3913
0.123083,-5.77602
0.1231,1.01186
0.123117,-0.59025
0.123133,-1.51779
0.12315,2.31884
0.123167,2.23452
0.123183,-0.463768
0.1232,0.59025
0.123217,1.3913
0.123233,-0.54809
0.12325,-0.337286
0.123267,1.77075
0.123283,-3.58366
0.1233,-0.674572
0.123317,4.25823
0.123333,2.361
0.12335,-0.927536
0.123367,-1.01186
0.123383,3.3307
0.1234,-3.75231
0.123417,-1.72859
0.123433,1.43347
0.12345,0.295125
0.123467,-0.927536
0.123483,0.758893
0.1235,0.0843215
0.123517,-1.13834
0.123533,4.38472
0.12355,-2.23452
0.123567,-1.60211
0.123583,5.14361
0.1236,-0.505929
0.123617,-1.1805
0.123633,3.75231
0.12365,4.42688
0.123667,-1.01186
0.123683,-2.10804
0.1237,0.716733
0.123717,0.463768
0.123733,-0.0843215
0.12375,1.85507
0.123767,0.927536
0.123783,-1.89723
0.1238,-0.126482
0.123817,0.379447
0.123833,-0.295125
0.12385,2.23452
0.123867,3.03557
0.123883,3.3307
0.1239,0.0843215
0.123917,2.99341
0.123933,3.96311
0.12395,0.126482
0.123967,-2.10804
0.123983,4.25823
0.124,0.126482
0.124017,4.38472
0.124033,-2.19236
0.12405,0.463768
0.124067,-3.83663
0.124083,3.03557
0.1241,6.99868
0.124117,1.34914
0.124133,4.25823
0.12415,2.19236
0.124167,1.1805
0.124183,-1.34914
0.1242,3.92095
0.124217,1.68643
0.124233,3.20422
0.12425,-0.674572
0.124267,3.3307
0.124283,-1.51779
0.1243,-0.969697
0.124317,0
0.124333,-1.01186
0.12435,-0.337286
0.124367,-2.95125
0.124383,0.0843215
0.1244,-5.27009
0.124417,2.27668
0.124433,2.95125
0.12445,-1.1805
0.124467,-3.20422
0.124483,-0.126482
0.1245,1.64427
0.124517,-1.77075
0.124533,1.22266
0.12455,7.29381
0.124567,-0.0843215
0.124583,-1.85507
0.1246,2.69829
0.124617,-1.01186
0.124633,-2.23452
0.12465,-0.716733
0.124667,-2.82477
0.124683,0.927536
0.1247,2.65613
0.124717,-1.89723
0.124733,0.252964
0.12475,5.98682
0.124767,1.89723
0.124783,-0.885375
0.1248,3.87879
0.124817,-1.30698
0.124833,3.28854
0.12485,-1.1805
0.124867,1.05402
0.124883,0
0.1249,-1.01186
0.124917,3.71014
0.124933,-1.34914
0.12495,-0.758893
0.124967,3.41502
0.124983,-0.463768
0.125,-0.168643
0.125017,1.01186
0.125033,-1.09618
0.12505,-2.69829
0.125067,3.3307
0.125083,-1.3913
0.1251,-1.55995
0.125117,-2.27668
0.125133,4.5112
0.12515,-2.82477
0.125167,2.57181
0.125183,-0.969697
0.1252,-4.04743
0.125217,-3.5415
0.125233,4.67984
0.12525,-0.59025
0.125267,-5.64954
0.125283,0.505929
0.1253,1.3913
0.125317,-0.337286
0.125333,2.361
0.12535,0.337286
0.125367,-0.758893
0.125383,-2.82477
0.1254,4.84848
0.125417,-0.210804
0.125433,-1.81291
0.12545,2.90909
0.125467,0.885375
0.125483,-2.48748
0.1255,4.84848
0.125517,1.26482
0.125533,-3.96311
0.12555,1.72859
0.125567,2.90909
0.125583,-0.59025
0.1256,-1.30698
0.125617,5.18577
0.125633,2.06588
0.12565,-2.61397
0.125667,7.16733
0.125683,0.885375
0.1257,1.09618
0.125717,4.3004
0.125733,2.90909
0.12575,-2.65613
0.125767,1.43347
0.125783,4.04743
0.1258,-4.63768
0.125817,1.01186
0.125833,3.5415
0.12585,0.801054
0.125867,-1.85507
0.125883,1.22266
0.1259,-2.65613
0.125917,0.716733
0.125933,1.3913
0.12595,-1.09618
0.125967,-0.210804
0.125983,4.21607
0.126,1.05402
0.126017,-0.337286
0.126033,2.40316
0.12605,0.210804
0.126067,-1.89723
0.126083,3.75231
0.1261,2.74045
0.126117,-0.0421607
0.126133,3.07773
0.12615,-2.27668
0.126167,0.210804
0.126183,-2.10804
0.1262,-0.59025
0.126217,-1.13834
0.126233,-2.52964
0.12625,5.86034
0.126267,3.24638
0.126283,2.361
0.1263,0.337286
0.126317,2.361
0.126333,1.34914
0.12635,-3.20422
0.126367,3.16206
0.126383,2.90909
0.1264,-2.06588
0.126417,0.758893
0.126433,-0.716733
0.12645,-1.3913
0.126467,5.22793
0.126483,0.885375
0.1265,0.885375
0.126517,2.69829
0.126533,4.722
0.12655,1.93939
0.126567,-1.60211
0.126583,1.64427
0.1266,-0.168643
0.126617,1.1805
0.126633,-1.43347
0.12665,-3.24638
0.126667,2.1502
0.126683,-0.632411
0.1267,-1.68643
0.126717,-0.0843215
0.126733,4.84848
0.12675,0.421607
0.126767,0.758893
0.126783,2.27668
0.1268,2.78261
0.126817,0.168643
0.126833,0.716733
0.12685,-2.27668
0.126867,-0.969697
0.126883,0.801054
0.1269,-1.01186
0.126917,2.1502
0.126933,4.84848
0.12695,-0.421607
0.126967,-0.337286
0.126983,-1.05402
0.127,4.67984
0.127017,2.1502
0.127033,3.92095
0.12705,-0.632411
0.127067,-4.63768
0.127083,4.97497
0.1271,2.23452
0.127117,1.22266
0.127133,-1.13834
0.12715,4.80632
0.127167,-3.5415
0.127183,1.43347
0.1272,-1.13834
0.127217,1.85507
0.127233,0.0421607
0.12725,0.126482
0.127267,2.27668
0.127283,0.295125
0.1273,-1.22266
0.127317,4.76416
0.127333,-2.95125
0.12735,-0.252964
0.127367,1.01186
0.127383,0.210804
0.1274,-1.85507
0.127417,1.51779
0.127433,1.85507
0.12745,-0.252964
0.127467,1.26482
0.127483,0.252964
0.1275,0.421607
0.127517,0.337286
0.127533,2.57181
0.12755,1.77075
0.127567,1.77075
0.127583,-2.82477
0.1276,1.34914
0.127617,2.52964
0.127633,-2.48748
0.12765,1.26482
0.127667,0.0421607
0.127683,3.03557
0.1277,-0.801054
0.127717,0.505929
0.127733,-2.19236
0.12775,0.54809
0.127767,-1.3913
0.127783,-0.885375
0.1278,0.126482
0.127817,1.85507
0.127833,-0.801054
0.12785,0.168643
0.127867,-0.0843215
0.127883,0.337286
0.1279,-1.47563
0.127917,4.13175
0.127933,0.927536
0.12795,-1.77075
0.127967,3.87879
0.127983,1.98155
0.128,2.06588
0.128017,0.0843215
0.128033,3.16206
0.12805,-2.57181
0.128067,1.3913
0.128083,-2.86693
0.1281,1.85507
0.128117,-1.81291
0.128133,0.927536
0.12815,-0.758893
0.128167,1.26482
0.128183,-0.674572
0.1282,2.19236
0.128217,0.379447
0.128233,1.72859
0.12825,2.27668
0.128267,2.74045
0.128283,3.3307
0.1283,-2.48748
0.128317,2.57181
0.128333,-2.31884
0.12835,-1.26482
0.128367,0.0843215
0.128383,-1.09618
0.1284,-0.505929
0.128417,1.22266
0.128433,-1.22266
0.12845,1.81291
0.128467,-2.69829
0.128483,3.20422
0.1285,3.20422
0.128517,-0.337286
0.128533,1.13834
0.12855,1.30698
0.128567,-0.505929
0.128583,-1.01186
0.1286,-1.05402
0.128617,-2.57181
0.128633,-0.54809
0.12865,-0.54809
0.128667,0.885375
0.128683,-1.55995
0.1287,1.98155
0.128717,1.89723
0.128733,0.0421607
0.12875,0.210804
0.128767,3.28854
0.128783,1.26482
0.1288,1.64427
0.128817,-1.60211
0.128833,1.13834
0.12885,3.11989
0.128867,0.168643
0.128883,-0.379447
0.1289,1.77075
0.128917,-3.3307
0.128933,0.379447
0.12895,-1.34914
0.128967,-4.84848
0.128983,-2.78261
0.129,-0.969697
0.129017,-0.716733
0.129033,3.20422
0.12905,3.92095
0.129067,1.51779
0.129083,-3.92095
0.1291,1.47563
0.129117,-0.801054
0.129133,-0.505929
0.12915,-0.674572
0.129167,0.716733
0.129183,3.3307
0.1292,-1.1805
0.129217,1.77075
0.129233,4.97497
0.12925,-0.505929
0.129267,0.632411
0.129283,5.81818
0.1293,2.06588
0.129317,1.77075
0.129333,2.65613
0.12935,-0.210804
0.129367,-3.45718
0.129383,3.96311
0.1294,1.47563
0.129417,-2.90909
0.129433,1.81291
0.12945,3.41502
0.129467,0.885375
0.129483,2.19236
0.1295,2.1502
0.129517,-1.60211
0.129533,1.68643
0.12955,-0.168643
0.129567,3.83663
0.129583,-2.48748
0.1296,1.55995
0.129617,3.07773
0.129633,2.65613
0.12965,-1.34914
0.129667,2.74045
0.129683,2.74045
0.1297,-2.44532
0.129717,0.0843215
0.129733,0.674572
0.12975,-1.1805
0.129767,-1.30698
0.129783,3.83663
0.1298,5.4809
0.129817,1.1805
0.129833,2.31884
0.12985,1.64427
0.129867,3.58366
0.129883,3.3307
0.1299,0.252964
0.129917,-1.09618
0.129933,0.379447
0.12995,0.252964
0.129967,0.801054
0.129983,2.06588
0.13,-0.758893
0.130017,1.47563
0.130033,-0.969697
0.13005,-2.78261
0.130067,3.45718
0.130083,0.801054
0.1301,-2.23452
0.130117,-1.3913
0.130133,1.60211
0.13015,1.13834
0.130167,-1.43347
0.130183,4.13175
0.1302,3.20422
0.130217,-2.82477
0.130233,-1.13834
0.13025,0.758893
0.130267,-3.45718
0.130283,-0.463768
0.1303,-0.59025
0.130317,-3.03557
0.130333,-0.252964
0.13035,2.23452
0.130367,2.10804
0.130383,-2.1502
0.1304,1.89723
0.130417,2.65613
0.130433,0.632411
0.13045,2.19236
0.130467,4.5112
0.130483,1.43347
0.1305,-1.1805
0.130517,1.68643
0.130533,-0.59025
0.13055,0.969697
0.130567,3.20422
0.130583,-0.379447
0.1306,-4.13175
0.130617,3.49934
0.130633,1.77075
0.13065,-4.97497
0.130667,-0.885375
0.130683,3.58366
0.1307,0.0843215
0.130717,-1.22266
0.130733,5.22793
0.13075,2.78261
0.130767,-1.51779
0.130783,1.77075
0.1308,2.361
0.130817,1.1805
0.130833,3.16206
0.13085,1.09618
0.130867,-1.93939
0.130883,-2.82477
0.1309,-2.02372
0.130917,2.90909
0.130933,-1.64427
0.13095,-0.337286
0.130967,3.41502
0.130983,-0.843215
0.131,-3.28854
0.131017,0.0421607
0.131033,4.76416
0.13105,0.379447
0.131067,-0.505929
0.131083,2.78261
0.1311,-0.168643
0.131117,-0.54809
0.131133,0.337286
0.13115,3.5415
0.131167,1.22266
0.131183,2.69829
0.1312,3.41502
0.131217,1.93939
0.131233,-2.19236
0.13125,2.61397
0.131267,-1.3913
0.131283,1.09618
0.1313,-1.93939
0.131317,1.22266
0.131333,0.0421607
0.13135,-3.79447
0.131367,2.82477
0.131383,-3.03557
0.1314,0.295125
0.131417,2.1502
0.131433,-1.30698
0.13145,-1.05402
0.131467,-0.252964
0.131483,2.48748
0.1315,-1.05402
0.131517,2.61397
0.131533,1.22266
0.13155,0.295125
0.131567,-0.210804
0.131583,0.843215
0.1316,-0.632411
0.131617,-1.81291
0.131633,3.3307
0.13165,1.89723
0.131667,-2.61397
0.131683,0.168643
0.1317,-1.64427
0.131717,-0.716733
0.131733,0.632411
0.13175,2.99341
0.131767,3.83663
0.131783,1.64427
0.1318,0.927536
0.131817,0.463768
0.131833,0.421607
0.13185,-1.51779
0.131867,2.95125
0.131883,0.126482
0.1319,-1.72859
0.131917,-1.09618
0.131933,2.95125
0.13195,-1.43347
0.131967,-0.885375
0.131983,0.126482
0.132,0.54809
0.132017,1.89723
0.132033,0
0.13205,0.337286
0.132067,2.31884
0.132083,3.49934
0.1321,2.44532
0.132117,1.22266
0.132133,-2.86693
0.13215,3.45718
0.132167,2.52964
0.132183,-1.47563
0.1322,0.59025
0.132217,-0.54809
0.132233,-2.90909
0.13225,3.28854
0.132267,4.89065
0.132283,-5.18577
0.1323,-0.716733
0.132317,-3.16206
0.132333,3.24638
0.13235,-1.93939
0.132367,1.81291
0.132383,1.34914
0.1324,-3.62582
0.132417,-2.57181
0.132433,4.34256
0.13245,3.07773
0.132467,-2.1502
0.132483,2.99341
0.1325,3.24638
0.132517,1.55995
0.132533,-1.30698
0.13255,1.81291
0.132567,0.126482
0.132583,-0.252964
0.1326,5.22793
0.132617,-3.58366
0.132633,-1.30698
0.13265,1.85507
0.132667,3.41502
0.132683,-0.716733
0.1327,2.40316
0.132717,-0.674572
0.132733,1.89723
0.13275,-0.252964
0.132767,7.46245
0.132783,4.34256
0.1328,-1.85507
0.132817,2.57181
0.132833,3.16206
0.13285,0.210804
0.132867,-0.379447
0.132883,6.49275
0.1329,-2.06588
0.132917,-2.19236
0.132933,-3.58366
0.13295,0.674572
0.132967,-2.361
0.132983,-5.98682
0.133,2.69829
0.133017,2.82477
0.133033,-0.801054
0.13305,0.126482
0.133067,1.05402
0.133083,1.1805
0.1331,3.79447
0.133117,-2.10804
0.133133,1.93939
0.13315,3.66798
0.133167,0.758893
0.133183,-0.885375
0.1332,-1.43347
0.133217,0.168643
0.133233,-0.716733
0.13325,-1.60211
0.133267,1.77075
0.133283,-4.722
0.1333,-0.632411
0.133317,1.93939
0.133333,-2.10804
0.13335,1.30698
0.133367,-4.04743
0.133383,-2.27668
0.1334,4.34256
0.133417,1.22266
0.133433,-0.716733
0.13345,2.99341
0.133467,0.379447
0.133483,0.295125
0.1335,0.295125
0.133517,-0.295125
0.133533,-1.89723
0.13355,1.93939
0.133567,2.48748
0.133583,-0.252964
0.1336,-1.09618
0.133617,-1.05402
0.133633,-1.77075
0.13365,0.632411
0.133667,0.716733
0.133683,2.44532
0.1337,0.758893
0.133717,-4.89065
0.133733,3.87879
0.13375,-0.716733
0.133767,-2.99341
0.133783,-0.716733
0.1338,1.47563
0.133817,3.66798
0.133833,-0.337286
0.13385,4.08959
0.133867,-4.97497
0.133883,-0.421607
0.1339,0.421607
0.133917,-1.09618
0.133933,-1.77075
0.13395,2.27668
0.133967,3.37286
0.133983,2.1502
0.134,1.05402
0.134017,0.379447
0.134033,-2.61397
0.13405,-0.0421607
0.134067,6.99868
0.134083,3.71014
0.1341,-1.09618
0.134117,5.14361
0.134133,-0.210804
0.13415,0.421607
0.134167,3.87879
0.134183,-2.44532
0.1342,2.44532
0.134217,-5.86034
0.134233,1.81291
0.13425,1.26482
0.134267,-5.98682
0.134283,1.43347
0.1343,2.10804
0.134317,-2.65613
0.134333,-2.361
0.13435,-1.09618
0.134367,1.3913
0.134383,0.210804
0.1344,0.632411
0.134417,1.81291
0.134433,-3.87879
0.13445,5.43874
0.134467,-0.716733
0.134483,0.843215
0.1345,1.13834
0.134517,3.03557
0.134533,2.27668
0.13455,-2.82477
0.134567,-1.85507
0.134583,0.463768
0.1346,-1.09618
0.134617,3.16206
0.134633,-1.30698
0.13465,0.674572
0.134667,1.85507
0.134683,3.16206
0.1347,2.78261
0.134717,1.72859
0.134733,-1.81291
0.13475,4.08959
0.134767,-7.29381
0.134783,1.05402
0.1348,0.505929
0.134817,-1.51779
0.134833,-2.74045
0.13485,4.17391
0.134867,-0.674572
0.134883,-1.60211
0.1349,2.52964
0.134917,3.62582
0.134933,-3.66798
0.13495,-2.10804
0.134967,6.02899
0.134983,-1.72859
0.135,1.89723
0.135017,-1.01186
0.135033,2.82477
0.13505,-3.3307
0.135067,-0.0421607
0.135083,0.0421607
0.1351,-1.01186
0.135117,0.252964
0.135133,4.25823
0.13515,0.168643
0.135167,0.716733
0.135183,2.57181
0.1352,-0.505929
0.135217,-5.52306
0.135233,1.05402
0.13525,0.126482
0.135267,-0.716733
0.135283,1.47563
0.1353,1.09618
0.135317,1.47563
0.135333,1.3913
0.13535,3.37286
0.135367,3.5415
0.135383,0.969697
0.1354,-4.42688
0.135417,-0.421607
0.135433,-0.674572
0.13545,2.65613
0.135467,-2.06588
0.135483,2.52964
0.1355,0.716733
0.135517,-2.27668
0.135533,2.82477
0.13555,1.47563
0.135567,-1.55995
0.135583,0.801054
0.1356,1.05402
0.135617,-1.05402
0.135633,-0.421607
0.13565,3.62582
0.135667,-0.0421607
0.135683,-3.41502
0.1357,-0.59025
0.135717,4.93281
0.135733,-0.927536
0.13575,3.07773
0.135767,3.96311
0.135783,-1.09618
0.1358,-3.41502
0.135817,4.722
0.135833,2.52964
0.13585,-4.00527
0.135867,4.46904
0.135883,0.969697
0.1359,-3.83663
0.135917,1.55995
0.135933,3.75231
0.13595,-6.74572
0.135967,1.01186
0.135983,2.10804
0.136,-2.90909
0.136017,-0.59025
0.136033,9.61265
0.13605,-0.716733
0.136067,-1.81291
0.136083,7.54677
0.1361,1.3913
0.136117,-1.64427
0.136133,4.46904
0.13615,1.34914
0.136167,-3.96311
0.136183,-0.885375
0.1362,6.49275
0.136217,-7.92622
0.136233,-0.801054
0.13625,4.84848
0.136267,-0.168643
0.136283,-5.6917
0.1363,2.31884
0.136317,0.505929
0.136333,0.969697
0.13635,0.843215
0.136367,0.674572
0.136383,2.23452
0.1364,6.32411
0.136417,3.58366
0.136433,-0.54809
0.13645,4.34256
0.136467,4.722
0.136483,-2.69829
0.1365,2.52964
0.136517,2.74045
