0,2.47295
1.66667e-005,4.92408
3.33333e-005,3.71596
5e-005,1.47853
6.66667e-005,4.38326
8.33333e-005,6.2238
0.0001,1.61374
0.000116667,2.6256
0.000133333,4.51847
0.00015,0.776339
0.000166667,3.7683
0.000183333,5.29917
0.0002,0.252964
0.000216667,2.33774
0.000233333,4.61878
0.00025,1.06856
0.000266667,1.6181
0.000283333,5.82254
0.0003,2.01499
0.000316667,0.710917
0.000333333,5.07673
0.00035,2.76952
0.000366667,-2.18073
0.000383333,4.92408
0.0004,4.57517
0.000416667,-2.42497
0.000433333,2.8742
0.00045,5.09854
0.000466667,-1.84926
0.000483333,0.100313
0.0005,5.93594
0.000516667,1.68788
0.000533333,1.04239
0.00055,4.4923
0.000566667,2.72155
0.000583333,0.0305302
0.0006,3.51969
0.000616667,3.28854
0.000633333,0.0305302
0.00065,3.49353
0.000666667,4.24806
0.000683333,2.10222
0.0007,0.976966
0.000716667,3.96892
0.000733333,2.99196
0.00075,1.03803
0.000766667,2.7608
0.000783333,1.77511
0.0008,1.70097
0.000816667,0.907183
0.000833333,2.02372
0.00085,3.31034
0.000866667,1.57012
0.000883333,0.710917
0.0009,3.38885
0.000916667,2.01499
0.000933333,0.706556
0.00095,1.72277
0.000966667,3.56767
0.000983333,0.457953
0.001,2.06733
0.00101667,3.18822
0.00103333,1.10781
0.00105,-1.26918
0.00106667,4.45741
0.00108333,1.97138
0.0011,-1.33461
0.00111667,1.82309
0.00113333,2.23743
0.00115,-0.0697833
0.00116667,1.32152
0.00118333,3.95148
0.0012,0.187543
0.00121667,-0.99005
0.00123333,4.45741
0.00125,2.0935
0.00126667,-1.83181
0.00128333,2.53401
0.0013,3.81191
0.00131667,-1.35641
0.00133333,0.802508
0.00135,5.20758
0.00136667,-0.0218073
0.00138333,-1.85798
0.0014,4.11285
0.00141667,1.37386
0.00143333,-1.46981
0.00145,2.02372
0.00146667,3.34524
0.00148333,-1.66171
0.0015,0.846122
0.00151667,3.41066
0.00153333,-0.0566989
0.00155,-1.38258
0.00156667,2.97887
0.00158333,1.63555
0.0016,-1.04675
0.00161667,2.58198
0.00163333,3.95148
0.00165,-0.466676
0.00166667,0.850484
0.00168333,4.22625
0.0017,-0.135205
0.00171667,-1.42183
0.00173333,3.28854
0.00175,1.10781
0.00176667,-0.0872291
0.00178333,2.17637
0.0018,1.88851
0.00181667,-1.9801
0.00183333,0.571351
0.00185,2.57762
0.00186667,-0.745809
0.00188333,-1.09909
0.0019,3.16206
0.00191667,0.396892
0.00193333,-2.0935
0.00195,2.25051
0.00196667,3.27545
0.00198333,-0.728363
0.002,0.104675
0.00201667,2.45986
0.00203333,0.75017
0.00205,-0.702194
0.00206667,2.84367
0.00208333,1.91032
0.0021,-1.26482
0.00211667,0.362001
0.00213333,0.758893
0.00215,-0.963882
0.00216667,-0.440507
0.00218333,1.83617
0.0022,0.684749
0.00221667,-0.152651
0.00223333,1.29971
0.00225,0.580074
0.00226667,-0.218073
0.00228333,2.08041
0.0023,0.566989
0.00231667,0.309663
0.00233333,0.828677
0.00235,1.58757
0.00236667,0.86793
0.00238333,0.475399
0.0024,2.04552
0.00241667,1.23865
0.00243333,0.654218
0.00245,0.501567
0.00246667,0.505929
0.00248333,0.902821
0.0025,0.894098
0.00251667,-0.471037
0.00253333,2.53401
0.00255,1.63555
0.00256667,-1.90596
0.00258333,0.54082
0.0026,1.82745
0.00261667,-0.401254
0.00263333,-0.47976
0.00265,2.62123
0.00266667,0.44923
0.00268333,-1.3913
0.0027,3.85989
0.00271667,0.745809
0.00273333,-1.87979
0.00275,0.872291
0.00276667,2.49911
0.00278333,-1.086
0.0028,0.357639
0.00281667,3.9602
0.00283333,-0.519013
0.00285,-1.90159
0.00286667,3.56331
0.00288333,1.81437
0.0029,-1.23865
0.00291667,1.16887
0.00293333,2.93962
0.00295,-1.65735
0.00296667,0.767616
0.00298333,2.96579
0.003,-0.462314
0.00301667,-1.85798
0.00303333,3.77266
0.00305,0.889737
0.00306667,-2.5122
0.00308333,2.66485
0.0031,3.7116
0.00311667,-3.54586
0.00313333,-0.314025
0.00315,3.63309
0.00316667,-1.89287
0.00318333,-1.12526
0.0032,3.27981
0.00321667,-0.109036
0.00323333,-1.97138
0.00325,2.42933
0.00326667,2.42933
0.00328333,-2.69102
0.0033,-0.196266
0.00331667,2.38572
0.00333333,-1.50906
0.00335,-0.811231
0.00336667,3.06174
0.00338333,-0.318386
0.0034,-1.66171
0.00341667,2.00191
0.00343333,1.26046
0.00345,-0.549543
0.00346667,0.937713
0.00348333,1.60938
0.0035,0.562628
0.00351667,0.597519
0.00353333,1.28663
0.00355,0.785062
0.00356667,-0.440507
0.00358333,0.47976
0.0036,1.81873
0.00361667,-0.671664
0.00363333,0.881014
0.00365,2.60379
0.00366667,-0.462314
0.00368333,-0.815592
0.0037,2.18509
0.00371667,0.501567
0.00373333,-0.292218
0.00375,0.0218073
0.00376667,0.911544
0.00378333,0.409977
0.0038,0.872291
0.00381667,1.37822
0.00383333,0.218073
0.00385,0
0.00386667,2.55581
0.00388333,-0.283495
0.0039,-0.724002
0.00391667,1.16451
0.00393333,0.130844
0.00395,0.409977
0.00396667,1.80128
0.00398333,-0.776339
0.004,1.70097
0.00401667,0.815592
0.00403333,0.392531
0.00405,1.74458
0.00406667,0.505929
0.00408333,0.915906
0.0041,-0.968243
0.00411667,1.93212
0.00413333,0.780701
0.00415,-1.33897
0.00416667,-0.0523375
0.00418333,1.91904
0.0042,-0.231157
0.00421667,1.40439
0.00423333,1.7882
0.00425,0.0566989
0.00426667,-1.67044
0.00428333,3.35832
0.0043,0.619327
0.00431667,-1.78384
0.00433333,2.39008
0.00435,2.06733
0.00436667,-2.18509
0.00438333,3.02685
0.0044,3.14897
0.00441667,-1.51343
0.00443333,-1.09473
0.00445,3.75521
0.00446667,-0.745809
0.00448333,-1.84926
0.0045,2.86984
0.00451667,1.98446
0.00453333,-1.41747
0.00455,2.06297
0.00456667,2.93962
0.00458333,-1.33897
0.0046,-0.614965
0.00461667,2.04552
0.00463333,-1.41311
0.00465,0.436146
0.00466667,2.50348
0.00468333,0.204988
0.0047,-2.16764
0.00471667,2.41189
0.00473333,1.74458
0.00475,-1.5614
0.00476667,-0.226796
0.00478333,3.79447
0.0048,-0.204988
0.00481667,0.0436146
0.00483333,3.17514
0.00485,0.213711
0.00486667,-0.942074
0.00488333,1.26482
0.0049,1.87979
0.00491667,-0.632411
0.00493333,0.122121
0.00495,3.3496
0.00496667,0.907183
0.00498333,0.0915906
0.005,2.04116
0.00501667,0.994412
0.00503333,-0.955159
0.00505,2.45986
0.00506667,2.07169
0.00508333,-0.113398
0.0051,0.632411
0.00511667,1.59193
0.00513333,0.200627
0.00515,0.279133
0.00516667,1.86234
0.00518333,0.00436146
0.0052,0.566989
0.00521667,1.76639
0.00523333,-0.218073
0.00525,-0.152651
0.00526667,1.26918
0.00528333,0.697833
0.0053,-0.200627
0.00531667,0.183181
0.00533333,1.16887
0.00535,-1.20376
0.00536667,-0.257326
0.00538333,0.767616
0.0054,0.296579
0.00541667,0.519013
0.00543333,0.283495
0.00545,0.505929
0.00546667,0.383808
0.00548333,-0.226796
0.0055,-0.113398
0.00551667,-0.553905
0.00553333,0.148289
0.00555,0
0.00556667,-0.466676
0.00558333,1.5614
0.0056,1.23865
0.00561667,0.767616
0.00563333,0.985689
0.00565,1.40003
0.00566667,0.296579
0.00568333,0.157012
0.0057,2.52092
0.00571667,0.152651
0.00573333,1.15579
0.00575,2.90473
0.00576667,-0.423061
0.00578333,0.737086
0.0058,-0.0523375
0.00581667,1.40439
0.00583333,-0.514652
0.00585,0.732725
0.00586667,2.07169
0.00588333,-0.763255
0.0059,0.405615
0.00591667,2.97887
0.00593333,0.0697833
0.00595,-0.706556
0.00596667,2.02808
0.00598333,-0.27041
0.006,-0.758893
0.00601667,1.58321
0.00603333,1.61374
0.00605,-0.183181
0.00606667,1.96266
0.00608333,1.85362
0.0061,-1.30408
0.00611667,-0.414338
0.00613333,2.31157
0.00615,0.680387
0.00616667,-1.0293
0.00618333,1.1994
0.0062,2.63868
0.00621667,-1.60502
0.00623333,0.741447
0.00625,3.08355
0.00626667,-0.946436
0.00628333,-0.501567
0.0063,2.5689
0.00631667,0.793785
0.00633333,-1.74458
0.00635,0.632411
0.00636667,1.77075
0.00638333,-1.28663
0.0064,0.213711
0.00641667,2.92218
0.00643333,-1.74022
0.00645,-0.340194
0.00646667,3.30598
0.00648333,0.728363
0.0065,-1.43056
0.00651667,1.12526
0.00653333,2.44678
0.00655,-1.40003
0.00656667,1.33024
0.00658333,2.69974
0.0066,-1.01622
0.00661667,0.505929
0.00663333,3.25365
0.00665,-0.095952
0.00666667,-0.65858
0.00668333,1.52215
0.0067,1.48726
0.00671667,-0.697833
0.00673333,0.165735
0.00675,0.462314
0.00676667,-0.117759
0.00678333,0.379447
0.0068,1.8667
0.00681667,0.466676
0.00683333,0.148289
0.00685,0.710917
0.00686667,0.457953
0.00688333,0.444868
0.0069,1.08164
0.00691667,0.697833
0.00693333,0.314025
0.00695,1.28663
0.00696667,1.69224
0.00698333,-0.955159
0.007,2.07605
0.00701667,1.13398
0.00703333,-0.806869
0.00705,2.35082
0.00706667,0.248603
0.00708333,-0.976966
0.0071,1.09036
0.00711667,1.53087
0.00713333,-2.15892
0.00715,1.3695
0.00716667,1.34769
0.00718333,-0.889737
0.0072,-1.92776
0.00721667,2.32902
0.00723333,0.876653
0.00725,-0.654218
0.00726667,1.69224
0.00728333,0.985689
0.0073,-0.911544
0.00731667,1.52651
0.00733333,1.91032
0.00735,-1.15579
0.00736667,0.366362
0.00738333,2.10222
0.0074,-0.924629
0.00741667,-0.095952
0.00743333,2.92218
0.00745,0.606242
0.00746667,-0.933352
0.00748333,1.95393
0.0075,2.13275
0.00751667,-2.06733
0.00753333,0.641134
0.00755,1.44364
0.00756667,0.100313
0.00758333,-1.17759
0.0076,1.64863
0.00761667,-0.4187
0.00763333,-1.43492
0.00765,1.61374
0.00766667,1.26482
0.00768333,-2.37699
0.0077,2.6256
0.00771667,1.85798
0.00773333,-0.99005
0.00775,-0.266049
0.00776667,2.94398
0.00778333,0.894098
0.0078,-1.5614
0.00781667,2.9309
0.00783333,-0.0261687
0.00785,-1.74458
0.00786667,1.63118
0.00788333,1.13398
0.0079,-2.35955
0.00791667,0.370724
0.00793333,2.49475
0.00795,0.357639
0.00796667,-0.27041
0.00798333,2.80005
0.008,0.170097
0.00801667,-0.641134
0.00803333,1.0642
0.00805,1.62682
0.00806667,-1.57449
0.00808333,0.353278
0.0081,1.32588
0.00811667,0.200627
0.00813333,-0.38817
0.00815,1.66608
0.00816667,1.37386
0.00818333,-0.95952
0.0082,1.4262
0.00821667,1.75767
0.00823333,-0.0697833
0.00825,0.514652
0.00826667,0.86793
0.00828333,0.0174458
0.0083,1.87979
0.00831667,1.38694
0.00833333,-0.218073
0.00835,-0.0566989
0.00836667,2.50348
0.00838333,1.94521
0.0084,-0.497206
0.00841667,1.76639
0.00843333,0.62805
0.00845,-0.0261687
0.00846667,0.798146
0.00848333,1.82309
0.0085,-0.130844
0.00851667,0.235519
0.00853333,0.854845
0.00855,0.955159
0.00856667,0.623688
0.00858333,0.471037
0.0086,0.274772
0.00861667,0.549543
0.00863333,2.23743
0.00865,-0.204988
0.00866667,-0.0872291
0.00868333,1.68788
0.0087,-0.283495
0.00871667,0.0218073
0.00873333,1.22557
0.00875,1.79692
0.00876667,-0.99005
0.00878333,1.49598
0.0088,2.42497
0.00881667,-0.610604
0.00883333,0.667303
0.00885,2.15456
0.00886667,1.3913
0.00888333,0.218073
0.0089,1.60938
0.00891667,0.981328
0.00893333,0.322748
0.00895,1.01622
0.00896667,1.82309
0.00898333,-1.24738
0.009,0.348916
0.00901667,2.5689
0.00903333,-0.213711
0.00905,0.641134
0.00906667,2.31157
0.00908333,-0.601881
0.0091,-2.25051
0.00911667,2.48167
0.00913333,0.942074
0.00915,-1.63991
0.00916667,1.31716
0.00918333,2.2636
0.0092,-0.0130844
0.00921667,-0.942074
0.00923333,3.48916
0.00925,-0.623688
0.00926667,-2.3988
0.00928333,3.37577
0.0093,1.3913
0.00931667,-2.02808
0.00933333,0.553905
0.00935,1.5614
0.00936667,-1.85362
0.00938333,0.754532
0.0094,2.19817
0.00941667,0.274772
0.00943333,-1.49162
0.00945,1.59629
0.00946667,0.0436146
0.00948333,0.283495
0.0095,1.08164
0.00951667,1.26918
0.00953333,-0.104675
0.00955,0.335832
0.00956667,1.81437
0.00958333,-1.04239
0.0096,-0.335832
0.00961667,1.83181
0.00963333,0.348916
0.00965,-1.36514
0.00966667,0.741447
0.00968333,0.684749
0.0097,0.213711
0.00971667,2.01935
0.00973333,2.25487
0.00975,0.745809
0.00976667,-1.50906
0.00978333,1.9234
0.0098,1.79692
0.00981667,-0.911544
0.00983333,1.68352
0.00985,0.244242
0.00986667,-0.785062
0.00988333,-1.2561
0.0099,-0.0566989
0.00991667,1.88415
0.00993333,0.0741447
0.00995,0.322748
0.00996667,1.11653
0.00998333,-0.357639
0.01,1.67916
0.0100167,0.536459
0.0100333,0.484122
0.01005,1.3695
0.0100667,0.684749
0.0100833,0.702194
0.0101,0.702194
0.0101167,0.676026
0.0101333,-0.143928
0.01015,0.972605
0.0101667,2.32466
0.0101833,-0.357639
0.0102,0.213711
0.0102167,0.30094
0.0102333,2.5907
0.01025,0.117759
0.0102667,0.667303
0.0102833,0.95952
0.0103,0.902821
0.0103167,1.45236
0.0103333,0.261687
0.01035,0.348916
0.0103667,0.881014
0.0103833,1.82309
0.0104,-0.235519
0.0104167,0.283495
0.0104333,1.12526
0.01045,0.802508
0.0104667,0.907183
0.0104833,0.95952
0.0105,0.950797
0.0105167,-0.724002
0.0105333,1.17759
0.01055,-0.191904
0.0105667,-0.532098
0.0105833,0.0348916
0.0106,1.93212
0.0106167,0.654218
0.0106333,0.471037
0.01065,0.27041
0.0106667,1.32152
0.0106833,0.174458
0.0107,1.48726
0.0107167,1.63991
0.0107333,-1.5047
0.01075,1.3695
0.0107667,2.25051
0.0107833,-2.01063
0.0108,0.161374
0.0108167,3.31034
0.0108333,-0.274772
0.01085,-2.29849
0.0108667,2.31157
0.0108833,1.64427
0.0109,-1.59193
0.0109167,3.27545
0.0109333,2.57762
0.01095,-2.23743
0.0109667,-0.161374
0.0109833,3.27545
0.011,-0.588796
0.0110167,0.235519
0.0110333,2.50348
0.01105,-0.235519
0.0110667,-1.69224
0.0110833,1.4262
0.0111,1.46545
0.0111167,-1.80128
0.0111333,1.15142
0.01115,1.0075
0.0111667,-1.48726
0.0111833,-0.226796
0.0112,3.39321
0.0112167,-0.17882
0.0112333,-1.28663
0.01125,2.80878
0.0112667,1.19068
0.0112833,-0.191904
0.0113,1.63555
0.0113167,2.33774
0.0113333,-0.854845
0.01135,1.15142
0.0113667,2.19381
0.0113833,-2.37699
0.0114,-0.405615
0.0114167,1.51779
0.0114333,-1.27355
0.01145,-0.257326
0.0114667,2.49039
0.0114833,1.87979
0.0115,-1.64427
0.0115167,1.43928
0.0115333,1.85798
0.01155,-0.697833
0.0115667,0.353278
0.0115833,0.889737
0.0116,-0.972605
0.0116167,0.231157
0.0116333,1.88415
0.01165,-0.287856
0.0116667,-1.04675
0.0116833,1.40875
0.0117,-0.667303
0.0117167,-0.484122
0.0117333,1.60065
0.01175,0.549543
0.0117667,-1.28227
0.0117833,2.90909
0.0118,-0.00436146
0.0118167,-0.17882
0.0118333,0.457953
0.01185,0.523375
0.0118667,0.505929
0.0118833,0.54082
0.0119,2.01499
0.0119167,0.30094
0.0119333,1.34769
0.01195,1.90596
0.0119667,0.0261687
0.0119833,-0.71964
0.012,1.63118
0.0120167,0.30094
0.0120333,-0.824315
0.01205,2.01935
0.0120667,2.04988
0.0120833,-0.950797
0.0121,-0.20935
0.0121167,1.7882
0.0121333,-0.911544
0.01215,-0.305302
0.0121667,2.78261
0.0121833,0.597519
0.0122,0.0654218
0.0122167,2.1502
0.0122333,1.97574
0.01225,-0.724002
0.0122667,-0.54082
0.0122833,1.87543
0.0123,-0.231157
0.0123167,0.135205
0.0123333,1.53959
0.01235,0.732725
0.0123667,-0.588796
0.0123833,1.27791
0.0124,0.99005
0.0124167,-0.431784
0.0124333,-0.819954
0.01245,0.741447
0.0124667,0.100313
0.0124833,0.955159
0.0125,0.745809
0.0125167,1.00313
0.0125333,0.152651
0.01255,1.36514
0.0125667,1.47417
0.0125833,-1.22993
0.0126,2.2287
0.0126167,2.62123
0.0126333,-0.292218
0.01265,-0.575712
0.0126667,1.18195
0.0126833,-1.05547
0.0127,-0.645495
0.0127167,2.94398
0.0127333,1.5047
0.01275,-0.558266
0.0127667,0.850484
0.0127833,2.45986
0.0128,-0.0566989
0.0128167,1.18195
0.0128333,1.66608
0.01285,0.471037
0.0128667,0.492844
0.0128833,1.97574
0.0129,0.972605
0.0129167,-0.706556
0.0129333,0.148289
0.01295,0.0610604
0.0129667,0.71964
0.0129833,1.04675
0.013,0.527736
0.0130167,-0.117759
0.0130333,-0.331471
0.01305,0.383808
0.0130667,0.331471
0.0130833,-0.226796
0.0131,-0.122121
0.0131167,0.710917
0.0131333,1.57449
0.01315,1.04239
0.0131667,0.38817
0.0131833,0.558266
0.0132,1.02494
0.0132167,-1.12526
0.0132333,0.92899
0.01325,0.0130844
0.0132667,1.60938
0.0132833,-0.305302
0.0133,0.0654218
0.0133167,0.558266
0.0133333,0.697833
0.01335,0.252964
0.0133667,0.593158
0.0133833,0.89846
0.0134,0.985689
0.0134167,0.222434
0.0134333,0.222434
0.01345,1.28663
0.0134667,-0.549543
0.0134833,1.16015
0.0135,-0.0697833
0.0135167,-0.279133
0.0135333,0.645495
0.01355,0.143928
0.0135667,-0.170097
0.0135833,1.30844
0.0136,0.950797
0.0136167,0.440507
0.0136333,-0.0305302
0.01365,2.60815
0.0136667,0.0348916
0.0136833,-0.122121
0.0137,2.28976
0.0137167,-0.610604
0.0137333,-1.16015
0.01375,1.65735
0.0137667,-1.16015
0.0137833,-1.95829
0.0138,1.61374
0.0138167,1.91904
0.0138333,-0.815592
0.01385,1.02058
0.0138667,2.49039
0.0138833,-0.322748
0.0139,0.793785
0.0139167,2.77825
0.0139333,-1.086
0.01395,-0.44923
0.0139667,2.00191
0.0139833,1.98446
0.014,-0.724002
0.0140167,0.601881
0.0140333,2.30285
0.01405,-1.6181
0.0140667,0.231157
0.0140833,1.87106
0.0141,-0.379447
0.0141167,1.30844
0.0141333,0.89846
0.01415,0.423061
0.0141667,-0.693471
0.0141833,1.97138
0.0142,0.266049
0.0142167,-1.01622
0.0142333,1.13834
0.01425,0.226796
0.0142667,-1.57885
0.0142833,2.95271
0.0143,2.75208
0.0143167,-0.427423
0.0143333,-0.126482
0.01435,2.59507
0.0143667,-0.283495
0.0143833,-0.767616
0.0144,2.12839
0.0144167,0.165735
0.0144333,-1.75331
0.01445,1.80128
0.0144667,0.174458
0.0144833,-0.684749
0.0145,2.35082
0.0145167,-0.475399
0.0145333,-1.34769
0.01455,0.645495
0.0145667,1.66171
0.0145833,-0.54082
0.0146,-0.296579
0.0146167,2.15892
0.0146333,-1.0642
0.01465,-0.488483
0.0146667,1.99755
0.0146833,-0.248603
0.0147,-0.881014
0.0147167,1.45236
0.0147333,0.266049
0.01475,-0.331471
0.0147667,1.78384
0.0147833,2.00627
0.0148,-0.231157
0.0148167,0.610604
0.0148333,3.14461
0.01485,-1.27791
0.0148667,0.414338
0.0148833,2.51656
0.0149,0.287856
0.0149167,0.165735
0.0149333,2.28976
0.01495,1.99319
0.0149667,0.314025
0.0149833,-0.196266
0.015,2.5689
0.0150167,-0.710917
0.0150333,-1.07728
0.01505,2.35519
0.0150667,1.61374
0.0150833,-0.170097
0.0151,1.20376
0.0151167,1.32588
0.0151333,0.379447
0.01515,0.566989
0.0151667,1.82309
0.0151833,0.0566989
0.0152,0.902821
0.0152167,1.91468
0.0152333,0.889737
0.01525,-0.401254
0.0152667,0.850484
0.0152833,1.43928
0.0153,0.117759
0.0153167,0.23988
0.0153333,3.65054
0.01535,-0.667303
0.0153667,-0.457953
0.0153833,0.715279
0.0154,1.23429
0.0154167,-0.405615
0.0154333,0.606242
0.01545,0.710917
0.0154667,-0.218073
0.0154833,1.86234
0.0155,1.41747
0.0155167,-0.562628
0.0155333,-0.553905
0.01555,2.27668
0.0155667,0.4187
0.0155833,-1.01186
0.0156,1.09473
0.0156167,0.767616
0.0156333,-0.68911
0.01565,1.12526
0.0156667,2.13711
0.0156833,0.348916
0.0157,-0.231157
0.0157167,0.619327
0.0157333,0.702194
0.01575,-0.0130844
0.0157667,1.48726
0.0157833,0.863568
0.0158,-0.771978
0.0158167,1.52215
0.0158333,0.754532
0.01585,-2.30721
0.0158667,0.174458
0.0158833,2.40752
0.0159,0.257326
0.0159167,-0.667303
0.0159333,0.824315
0.01595,0.562628
0.0159667,0.942074
0.0159833,2.11967
0.016,1.46109
0.0160167,-0.937713
0.0160333,0.724002
0.01605,0.597519
0.0160667,-1.33461
0.0160833,0.850484
0.0161,0.558266
0.0161167,-1.49598
0.0161333,-0.444868
0.01615,2.09786
0.0161667,-0.684749
0.0161833,-0.165735
0.0162,2.13275
0.0162167,0.414338
0.0162333,-0.414338
0.01625,1.95393
0.0162667,0.854845
0.0162833,-0.235519
0.0163,2.39008
0.0163167,1.31716
0.0163333,0.170097
0.01635,1.51343
0.0163667,1.95829
0.0163833,-1.89723
0.0164,1.25174
0.0164167,2.80442
0.0164333,-1.77511
0.01645,-0.876653
0.0164667,2.42933
0.0164833,0.514652
0.0165,-0.139567
0.0165167,2.25051
0.0165333,2.01935
0.01655,-1.99319
0.0165667,1.18632
0.0165833,2.57326
0.0166,-2.07169
0.0166167,-1.47853
0.0166333,4.26114
0.01665,-0.793785
0.0166667,-1.5614
0.0166833,1.37822
0.0167,0.636773
0.0167167,-1.88851
0.0167333,0.902821
0.01675,1.02058
0.0167667,-2.09786
0.0167833,-0.453591
0.0168,2.92218
0.0168167,0.409977
0.0168333,-1.26918
0.01685,2.49475
0.0168667,-0.248603
0.0168833,-0.318386
0.0169,1.58757
0.0169167,1.66171
0.0169333,-0.684749
0.01695,0.095952
0.0169667,1.4262
0.0169833,-0.833038
0.017,-0.471037
0.0170167,3.31471
0.0170333,0.226796
0.01705,-1.59193
0.0170667,1.74894
0.0170833,1.15579
0.0171,0.466676
0.0171167,0.261687
0.0171333,2.32466
0.01715,-0.785062
0.0171667,0.597519
0.0171833,2.44678
0.0172,0.828677
0.0172167,-0.706556
0.0172333,0.915906
0.01725,0.235519
0.0172667,1.33461
0.0172833,1.15579
0.0173,0.588796
0.0173167,0.601881
0.0173333,-0.584435
0.01735,0.881014
0.0173667,0.471037
0.0173833,1.07728
0.0174,0.471037
0.0174167,-1.15142
0.0174333,-0.654218
0.01745,1.34333
0.0174667,0.571351
0.0174833,0.915906
0.0175,-0.0436146
0.0175167,2.08914
0.0175333,0.261687
0.01755,0.955159
0.0175667,0.213711
0.0175833,1.02494
0.0176,0.737086
0.0176167,0.841761
0.0176333,1.64863
0.01765,1.41311
0.0176667,0.601881
0.0176833,-0.261687
0.0177,0.143928
0.0177167,0.183181
0.0177333,0.379447
0.01775,-0.00872291
0.0177667,1.84053
0.0177833,0.235519
0.0178,-2.10222
0.0178167,1.48289
0.0178333,1.59629
0.01785,-1.50906
0.0178667,-0.0348916
0.0178833,1.53959
0.0179,-0.65858
0.0179167,0.0828677
0.0179333,2.15892
0.01795,0.863568
0.0179667,-1.52651
0.0179833,1.44364
0.018,1.11653
0.0180167,-1.35205
0.0180333,1.1427
0.01805,2.28976
0.0180667,-0.100313
0.0180833,-0.0305302
0.0181,2.87856
0.0181167,0.527736
0.0181333,-0.828677
0.01815,3.15333
0.0181667,1.62682
0.0181833,-1.34769
0.0182,2.13711
0.0182167,2.52092
0.0182333,-1.88415
0.01825,-0.0392531
0.0182667,2.42497
0.0182833,0.649857
0.0183,-2.49039
0.0183167,1.6181
0.0183333,2.27232
0.01835,-1.12526
0.0183667,0.20935
0.0183833,3.03557
0.0184,-1.60065
0.0184167,0.649857
0.0184333,1.76203
0.01845,-0.453591
0.0184667,-1.4262
0.0184833,2.37699
0.0185,0.122121
0.0185167,-1.91904
0.0185333,1.67044
0.01855,2.25051
0.0185667,-1.63555
0.0185833,0.427423
0.0186,3.15333
0.0186167,-0.584435
0.0186333,0.549543
0.01865,2.06297
0.0186667,1.75331
0.0186833,-2.23743
0.0187,1.94957
0.0187167,1.23865
0.0187333,-2.172
0.01875,0.789423
0.0187667,1.62246
0.0187833,-0.924629
0.0188,0.318386
0.0188167,2.83058
0.0188333,-0.584435
0.01885,-1.086
0.0188667,1.65735
0.0188833,0.937713
0.0189,0.662941
0.0189167,1.05547
0.0189333,1.8667
0.01895,-1.16015
0.0189667,0.148289
0.0189833,1.20812
0.019,-0.331471
0.0190167,1.7882
0.0190333,-0.109036
0.01905,-1.62682
0.0190667,1.0642
0.0190833,-0.244242
0.0191,-0.846122
0.0191167,1.96266
0.0191333,2.91781
0.01915,0.0174458
0.0191667,-1.05111
0.0191833,2.61251
0.0192,0.937713
0.0192167,-0.226796
0.0192333,2.41189
0.01925,2.172
0.0192667,-1.21685
0.0192833,2.37263
0.0193,1.57449
0.0193167,-1.50906
0.0193333,0.191904
0.01935,1.8449
0.0193667,-0.113398
0.0193833,-1.86234
0.0194,2.83058
0.0194167,-0.566989
0.0194333,-1.13834
0.01945,4.77143
0.0194667,1.38258
0.0194833,-1.47853
0.0195,2.18945
0.0195167,1.98882
0.0195333,-2.00627
0.01955,0.593158
0.0195667,2.57762
0.0195833,-1.49598
0.0196,-0.4187
0.0196167,3.41502
0.0196333,1.21248
0.01965,-0.619327
0.0196667,3.89478
0.0196833,1.61374
0.0197,-1.13834
0.0197167,1.11217
0.0197333,2.76952
0.01975,-1.88415
0.0197667,-1.5047
0.0197833,3.101
0.0198,0.0741447
0.0198167,-2.09786
0.0198333,3.39757
0.01985,2.4555
0.0198667,-1.30408
0.0198833,1.48726
0.0199,3.63309
0.0199167,-0.697833
0.0199333,-0.545182
0.01995,1.086
0.0199667,-0.309663
0.0199833,-0.654218
0.02,2.02372
0.0200167,1.14706
0.0200333,-0.894098
0.02005,1.16015
0.0200667,1.66608
0.0200833,-0.340194
0.0201,1.48289
0.0201167,1.25174
0.0201333,-0.92899
0.02015,-0.100313
0.0201667,1.0293
0.0201833,1.19068
0.0202,0.676026
0.0202167,-1.12526
0.0202333,1.83181
0.02025,1.04675
0.0202667,1.13834
0.0202833,0.680387
0.0203,0.702194
0.0203167,-0.0392531
0.0203333,0.946436
0.02035,1.18195
0.0203667,1.03803
0.0203833,0.204988
0.0204,0.937713
0.0204167,1.63991
0.0204333,-1.40003
0.02045,1.57012
0.0204667,1.24301
0.0204833,0.095952
0.0205,0.0872291
0.0205167,0.968243
0.0205333,0.824315
0.02055,-0.296579
0.0205667,0.86793
0.0205833,1.66171
0.0206,0.44923
0.0206167,0.741447
0.0206333,1.43492
0.02065,0.344555
0.0206667,-0.340194
0.0206833,0.815592
0.0207,1.07292
0.0207167,0.776339
0.0207333,0.327109
0.02075,1.00313
0.0207667,-1.47853
0.0207833,0.226796
0.0208,0.872291
0.0208167,1.41311
0.0208333,0.379447
0.02085,1.57885
0.0208667,0.414338
0.0208833,-0.4187
0.0209,0.436146
0.0209167,1.27791
0.0209333,0.148289
0.02095,0.955159
0.0209667,0.911544
0.0209833,1.28227
0.021,1.17323
0.0210167,-0.0130844
0.0210333,0.641134
0.02105,0.724002
0.0210667,0.161374
0.0210833,2.94834
0.0211,0.737086
0.0211167,-0.71964
0.0211333,2.36391
0.02115,3.05738
0.0211667,-1.21685
0.0211833,0.248603
0.0212,2.72155
0.0212167,0.0872291
0.0212333,-1.87979
0.02125,2.34646
0.0212667,1.25174
0.0212833,-1.73586
0.0213,0.353278
0.0213167,2.82622
0.0213333,-0.86793
0.02135,0.492844
0.0213667,1.63555
0.0213833,0.636773
0.0214,-1.72714
0.0214167,0.802508
0.0214333,1.48289
0.02145,-0.588796
0.0214667,1.60938
0.0214833,0.95952
0.0215,-1.77947
0.0215167,0.427423
0.0215333,1.9801
0.02155,-1.11653
0.0215667,-0.684749
0.0215833,2.35519
0.0216,1.40439
0.0216167,-1.53087
0.0216333,1.62246
0.02165,2.3988
0.0216667,-2.11094
0.0216833,0.274772
0.0217,2.08041
0.0217167,1.00313
0.0217333,-1.2561
0.02175,1.65735
0.0217667,1.33024
0.0217833,0.396892
0.0218,-0.283495
0.0218167,0.99005
0.0218333,0.257326
0.02185,1.0075
0.0218667,1.39567
0.0218833,-0.654218
0.0219,1.05547
0.0219167,2.01499
0.0219333,-0.161374
0.02195,-0.706556
0.0219667,2.08914
0.0219833,1.79692
0.022,0.4187
0.0220167,0.833038
0.0220333,1.95829
0.02205,0.558266
0.0220667,0.348916
0.0220833,0.370724
0.0221,1.96266
0.0221167,0.0174458
0.0221333,-0.335832
0.02215,0.920267
0.0221667,1.49162
0.0221833,-0.780701
0.0222,0.226796
0.0222167,1.87106
0.0222333,0.767616
0.02225,-0.109036
0.0222667,0.505929
0.0222833,0.453591
0.0223,-0.68911
0.0223167,-1.36514
0.0223333,1.74022
0.02235,-1.29971
0.0223667,0.440507
0.0223833,0.758893
0.0224,0.850484
0.0224167,0.51029
0.0224333,1.28227
0.02245,1.94957
0.0224667,-1.37386
0.0224833,0.950797
0.0225,1.93649
0.0225167,-1.07292
0.0225333,-0.536459
0.02255,2.31157
0.0225667,0.754532
0.0225833,-0.68911
0.0226,1.95829
0.0226167,2.35082
0.0226333,-0.100313
0.02265,0.231157
0.0226667,4.02126
0.0226833,-1.01186
0.0227,0.047976
0.0227167,1.1994
0.0227333,-0.314025
0.02275,-1.74022
0.0227667,1.03366
0.0227833,1.37386
0.0228,-0.771978
0.0228167,0.44923
0.0228333,3.41502
0.02285,-0.23988
0.0228667,-0.322748
0.0228833,1.51779
0.0229,-0.724002
0.0229167,-0.837399
0.0229333,1.83181
0.02295,2.14584
0.0229667,-1.70533
0.0229833,-0.296579
0.023,1.97574
0.0230167,0.187543
0.0230333,-1.47853
0.02305,2.1502
0.0230667,1.34333
0.0230833,-0.641134
0.0231,1.51779
0.0231167,1.7882
0.0231333,-0.606242
0.02315,-0.423061
0.0231667,2.05861
0.0231833,0.170097
0.0232,0.0305302
0.0232167,2.78261
0.0232333,0.968243
0.02325,-1.53959
0.0232667,2.22434
0.0232833,2.30285
0.0233,-0.933352
0.0233167,1.33024
0.0233333,1.65735
0.02335,0.0915906
0.0233667,0.109036
0.0233833,2.72591
0.0234,0.148289
0.0234167,-0.837399
0.0234333,1.85362
0.02345,1.8449
0.0234667,-1.22557
0.0234833,1.43056
0.0235,1.27791
0.0235167,-0.244242
0.0235333,-0.0566989
0.02355,1.89723
0.0235667,2.29849
0.0235833,-1.45236
0.0236,2.31157
0.0236167,0.375085
0.0236333,-1.09909
0.02365,1.33897
0.0236667,0.593158
0.0236833,0.0218073
0.0237,1.94521
0.0237167,0.819954
0.0237333,0.793785
0.02375,1.33461
0.0237667,0.702194
0.0237833,-0.488483
0.0238,0.702194
0.0238167,1.20812
0.0238333,-0.161374
0.02385,0.130844
0.0238667,2.48603
0.0238833,0.340194
0.0239,-0.296579
0.0239167,2.35519
0.0239333,0.532098
0.02395,-0.130844
0.0239667,2.96579
0.0239833,2.16764
0.024,-0.937713
0.0240167,0.204988
0.0240333,1.9801
0.02405,-0.161374
0.0240667,0.109036
0.0240833,2.55581
0.0241,-0.532098
0.0241167,0.907183
0.0241333,0.697833
0.02415,0.763255
0.0241667,0.257326
0.0241833,1.79256
0.0242,1.4262
0.0242167,-1.20376
0.0242333,1.67044
0.02425,2.14147
0.0242667,-1.70533
0.0242833,-0.274772
0.0243,4.51411
0.0243167,-1.086
0.0243333,-1.80128
0.02435,1.8667
0.0243667,0.580074
0.0243833,-1.79256
0.0244,2.46422
0.0244167,1.85798
0.0244333,-2.44678
0.02445,1.40875
0.0244667,3.74649
0.0244833,-2.32466
0.0245,-0.588796
0.0245167,3.60256
0.0245333,-0.0348916
0.02455,-0.876653
0.0245667,2.172
0.0245833,0.331471
0.0246,0.148289
0.0246167,0.580074
0.0246333,1.70533
0.02465,-0.649857
0.0246667,-0.440507
0.0246833,1.97574
0.0247,-0.51029
0.0247167,0.266049
0.0247333,3.36268
0.02475,-0.379447
0.0247667,-1.18195
0.0247833,1.64863
0.0248,1.46109
0.0248167,-0.379447
0.0248333,-0.309663
0.02485,2.00627
0.0248667,-0.0785062
0.0248833,0.047976
0.0249,1.97138
0.0249167,0.889737
0.0249333,0.514652
0.02495,0.126482
0.0249667,1.06856
0.0249833,-0.143928
0.025,0.985689
0.0250167,0.597519
0.0250333,1.86234
0.02505,-0.0523375
0.0250667,0.44923
0.0250833,0.51029
0.0251,0.505929
0.0251167,0.767616
0.0251333,0.139567
0.02515,1.31716
0.0251667,-0.0697833
0.0251833,0.222434
0.0252,0.593158
0.0252167,1.36077
0.0252333,0.309663
0.02525,0.606242
0.0252667,1.48726
0.0252833,0.588796
0.0253,-0.357639
0.0253167,0.623688
0.0253333,1.59193
0.02535,1.21685
0.0253667,0.183181
0.0253833,0.894098
0.0254,0.30094
0.0254167,1.30844
0.0254333,1.22121
0.02545,-0.00872291
0.0254667,-0.497206
0.0254833,0.863568
0.0255,1.06856
0.0255167,-0.362001
0.0255333,1.44364
0.02555,1.77947
0.0255667,-0.226796
0.0255833,-0.213711
0.0256,1.50034
0.0256167,0.401254
0.0256333,-1.36077
0.02565,1.4262
0.0256667,1.0075
0.0256833,-0.357639
0.0257,0.636773
0.0257167,1.64427
0.0257333,-1.10781
0.02575,0.174458
0.0257667,0.850484
0.0257833,0.676026
0.0258,-0.0305302
0.0258167,-0.187543
0.0258333,2.39008
0.02585,-2.2636
0.0258667,0.51029
0.0258833,1.75331
0.0259,0.283495
0.0259167,-0.505929
0.0259333,2.15892
0.02595,1.7315
0.0259667,-0.375085
0.0259833,0.968243
0.026,1.05547
0.0260167,0.287856
0.0260333,1.19504
0.02605,1.83181
0.0260667,-0.933352
0.0260833,-0.00872291
0.0261,1.70097
0.0261167,0.824315
0.0261333,-1.15142
0.02615,2.43805
0.0261667,-0.375085
0.0261833,-1.80564
0.0262,2.21562
0.0262167,2.12839
0.0262333,-1.0642
0.02625,1.15142
0.0262667,3.17514
0.0262833,-0.047976
0.0263,-0.99005
0.0263167,2.09786
0.0263333,0.444868
0.02635,-0.833038
0.0263667,2.14584
0.0263833,1.89287
0.0264,-0.62805
0.0264167,-0.261687
0.0264333,2.41625
0.02645,-0.92899
0.0264667,0.396892
0.0264833,0.968243
0.0265,1.34333
0.0265167,0.833038
0.0265333,1.2561
0.02655,0.580074
0.0265667,-0.104675
0.0265833,0.68911
0.0266,0.968243
0.0266167,-0.54082
0.0266333,1.53959
0.02665,1.80564
0.0266667,0.139567
0.0266833,0.876653
0.0267,1.36514
0.0267167,-0.501567
0.0267333,1.51779
0.02675,0.889737
0.0267667,0.645495
0.0267833,-0.20935
0.0268,0.706556
0.0268167,-0.754532
0.0268333,0.501567
0.02685,1.42183
0.0268667,-0.27041
0.0268833,0.27041
0.0269,0.885375
0.0269167,0.431784
0.0269333,-1.1994
0.02695,0.71964
0.0269667,2.25051
0.0269833,-1.54396
0.027,0.798146
0.0270167,2.48603
0.0270333,-1.60065
0.02705,0.440507
0.0270667,2.82186
0.0270833,0.218073
0.0271,0.183181
0.0271167,1.22993
0.0271333,0.00872291
0.02715,-1.0642
0.0271667,1.70533
0.0271833,1.8667
0.0272,-1.08164
0.0272167,0.139567
0.0272333,2.31593
0.02725,-0.859207
0.0272667,0.562628
0.0272833,1.46545
0.0273,0.0523375
0.0273167,-3.14897
0.0273333,2.48603
0.02735,0.872291
0.0273667,-0.693471
0.0273833,1.10345
0.0274,1.30408
0.0274167,-1.01186
0.0274333,0.819954
0.02745,2.93526
0.0274667,-0.427423
0.0274833,-0.161374
0.0275,1.84053
0.0275167,2.5689
0.0275333,-1.07728
0.02755,2.07605
0.0275667,2.83495
0.0275833,-1.45673
0.0276,1.9234
0.0276167,1.7882
0.0276333,-0.933352
0.02765,0.196266
0.0276667,1.81873
0.0276833,0.488483
0.0277,-0.553905
0.0277167,1.96266
0.0277333,0.933352
0.02775,-1.94521
0.0277667,1.45236
0.0277833,2.43805
0.0278,-0.0872291
0.0278167,-0.370724
0.0278333,2.49039
0.02785,1.61374
0.0278667,-0.998773
0.0278833,1.24738
0.0279,0.876653
0.0279167,0.471037
0.0279333,0.811231
0.02795,0.318386
0.0279667,-0.580074
0.0279833,0.571351
0.028,1.01186
0.0280167,0.0523375
0.0280333,0.0392531
0.02805,2.31157
0.0280667,-0.126482
0.0280833,-0.741447
0.0281,1.32152
0.0281167,1.96702
0.0281333,0.130844
0.02815,0.737086
0.0281667,1.85798
0.0281833,0.370724
0.0282,0.532098
0.0282167,1.57449
0.0282333,0.113398
0.02825,1.0642
0.0282667,1.74458
0.0282833,-0.680387
0.0283,0.462314
0.0283167,2.90037
0.0283333,-0.505929
0.02835,0.588796
0.0283667,1.53523
0.0283833,1.41311
0.0284,-1.62246
0.0284167,0.885375
0.0284333,2.0935
0.02845,0.514652
0.0284667,1.12526
0.0284833,2.32902
0.0285,-0.484122
0.0285167,1.6181
0.0285333,-0.095952
0.02855,0.20935
0.0285667,0.30094
0.0285833,0.894098
0.0286,0.588796
0.0286167,0.283495
0.0286333,1.14706
0.02865,0.575712
0.0286667,-1.71405
0.0286833,2.172
0.0287,-0.0130844
0.0287167,0.697833
0.0287333,-0.828677
0.02875,1.66608
0.0287667,0.806869
0.0287833,-0.226796
0.0288,1.41747
0.0288167,1.89723
0.0288333,-1.05111
0.02885,1.19068
0.0288667,1.24738
0.0288833,-0.693471
0.0289,-0.135205
0.0289167,1.98882
0.0289333,2.06297
0.02895,-0.942074
0.0289667,2.83058
0.0289833,1.27791
0.029,-0.440507
0.0290167,1.60938
0.0290333,0.706556
0.02905,-1.40439
0.0290667,0.471037
0.0290833,0.606242
0.0291,0.68911
0.0291167,-0.798146
0.0291333,0.907183
0.02915,0.357639
0.0291667,-0.549543
0.0291833,2.35519
0.0292,0.571351
0.0292167,0.0828677
0.0292333,1.21248
0.02925,1.50034
0.0292667,-0.911544
0.0292833,0.174458
0.0293,1.96266
0.0293167,0.998773
0.0293333,-1.54396
0.02935,1.60502
0.0293667,2.83931
0.0293833,-1.086
0.0294,1.21685
0.0294167,0.833038
0.0294333,-0.104675
0.02945,0.606242
0.0294667,0.924629
0.0294833,0.252964
0.0295,-0.344555
0.0295167,1.72277
0.0295333,-0.549543
0.02955,0.54082
0.0295667,0.453591
0.0295833,-1.02058
0.0296,0.702194
0.0296167,0.396892
0.0296333,-0.126482
0.02965,0.196266
0.0296667,0.924629
0.0296833,1.07292
0.0297,-0.0523375
0.0297167,0.344555
0.0297333,1.10781
0.02975,0.863568
0.0297667,0.379447
0.0297833,-0.00436146
0.0298,0.252964
0.0298167,0.405615
0.0298333,1.09036
0.02985,0.532098
0.0298667,0.23988
0.0298833,1.59629
0.0299,0.0697833
0.0299167,0.972605
0.0299333,-0.109036
0.02995,0.38817
0.0299667,2.5689
0.0299833,0.00436146
0.03,0.401254
0.0300167,1.19068
0.0300333,0.279133
0.03005,-0.0218073
0.0300667,2.07169
0.0300833,-0.327109
0.0301,-0.920267
0.0301167,1.40439
0.0301333,1.66608
0.03015,-0.44923
0.0301667,1.12089
0.0301833,0.872291
0.0302,0.453591
0.0302167,0.601881
0.0302333,0.955159
0.03025,-0.130844
0.0302667,0.44923
0.0302833,0.806869
0.0303,-0.38817
0.0303167,0.117759
0.0303333,0.636773
0.03035,-0.0305302
0.0303667,-0.0436146
0.0303833,0.566989
0.0304,0.732725
0.0304167,0.0872291
0.0304333,0.423061
0.03045,0.881014
0.0304667,0.353278
0.0304833,0.0392531
0.0305,1.60065
0.0305167,1.25174
0.0305333,-0.170097
0.03055,1.76639
0.0305667,1.21685
0.0305833,-0.95952
0.0306,0.340194
0.0306167,1.11217
0.0306333,-0.283495
0.03065,0.466676
0.0306667,1.79256
0.0306833,-0.575712
0.0307,-0.815592
0.0307167,2.09786
0.0307333,0.436146
0.03075,-0.423061
0.0307667,1.09036
0.0307833,0.588796
0.0308,0.423061
0.0308167,0.911544
0.0308333,1.59193
0.03085,-0.824315
0.0308667,0.296579
0.0308833,2.03244
0.0309,1.34769
0.0309167,-1.10781
0.0309333,1.88851
0.03095,1.21685
0.0309667,-0.0785062
0.0309833,-0.148289
0.031,2.18945
0.0310167,-1.50906
0.0310333,0.235519
0.03105,1.94957
0.0310667,0.828677
0.0310833,-1.32588
0.0311,1.4262
0.0311167,0.519013
0.0311333,0.414338
0.03115,0.846122
0.0311667,2.31593
0.0311833,-1.09909
0.0312,0.139567
0.0312167,0.405615
0.0312333,0.684749
0.03125,-0.872291
0.0312667,1.62246
0.0312833,1.40875
0.0313,0.427423
0.0313167,1.38694
0.0313333,1.17323
0.03135,0.497206
0.0313667,0.614965
0.0313833,3.14897
0.0314,0.409977
0.0314167,-0.4187
0.0314333,1.68352
0.03145,1.13398
0.0314667,0.0566989
0.0314833,1.3913
0.0315,1.73586
0.0315167,-0.614965
0.0315333,1.89287
0.03155,1.41747
0.0315667,-0.885375
0.0315833,1.66171
0.0316,1.13834
0.0316167,-0.0566989
0.0316333,1.04675
0.03165,2.02372
0.0316667,0.466676
0.0316833,0.872291
0.0317,2.49475
0.0317167,-0.649857
0.0317333,-0.0392531
0.03175,1.10345
0.0317667,1.74458
0.0317833,-0.257326
0.0318,-0.370724
0.0318167,0.763255
0.0318333,0.143928
0.03185,1.32588
0.0318667,1.94085
0.0318833,-0.305302
0.0319,0.231157
0.0319167,0.440507
0.0319333,0.955159
0.03195,0.710917
0.0319667,1.55268
0.0319833,1.35641
0.032,-0.65858
0.0320167,1.10345
0.0320333,-0.248603
0.03205,-0.580074
0.0320667,0.440507
0.0320833,2.71719
0.0321,-0.427423
0.0321167,0.737086
0.0321333,2.21998
0.03215,-0.379447
0.0321667,-0.392531
0.0321833,1.8449
0.0322,-0.292218
0.0322167,-1.4262
0.0322333,0.889737
0.03225,1.67044
0.0322667,-0.375085
0.0322833,-0.0436146
0.0323,1.12962
0.0323167,0.157012
0.0323333,0.353278
0.03235,0.994412
0.0323667,0.545182
0.0323833,0.86793
0.0324,2.172
0.0324167,0.379447
0.0324333,-0.322748
0.03245,2.01499
0.0324667,1.11217
0.0324833,-0.676026
0.0325,0.745809
0.0325167,2.51656
0.0325333,0.117759
0.03255,-0.466676
0.0325667,1.87543
0.0325833,0.828677
0.0326,-1.25174
0.0326167,0.0697833
0.0326333,1.75331
0.03265,-0.17882
0.0326667,1.35641
0.0326833,2.11094
0.0327,0.257326
0.0327167,-0.00436146
0.0327333,1.23865
0.03275,-0.366362
0.0327667,0.619327
0.0327833,3.101
0.0328,0.183181
0.0328167,-1.6181
0.0328333,1.72714
0.03285,1.07292
0.0328667,-1.15142
0.0328833,1.60502
0.0329,0.0872291
0.0329167,0.405615
0.0329333,0.405615
0.03295,1.26046
0.0329667,0.697833
0.0329833,0.815592
0.033,1.96702
0.0330167,1.02494
0.0330333,0.697833
0.03305,2.46422
0.0330667,0.292218
0.0330833,0.196266
0.0331,1.22557
0.0331167,1.58321
0.0331333,1.16015
0.03315,0.92899
0.0331667,2.11094
0.0331833,0.126482
0.0332,-1.37386
0.0332167,2.27668
0.0332333,1.7315
0.03325,-0.968243
0.0332667,0.095952
0.0332833,1.18632
0.0333,-0.985689
0.0333167,0.972605
0.0333333,1.09909
0.03335,-0.0261687
0.0333667,-0.0523375
0.0333833,1.74458
0.0334,0.841761
0.0334167,-1.02058
0.0334333,1.10781
0.03345,0.850484
0.0334667,-1.1994
0.0334833,1.45673
0.0335,0.724002
0.0335167,-1.83617
0.0335333,-0.846122
0.03355,1.53959
0.0335667,-1.10345
0.0335833,-0.261687
0.0336,0.283495
0.0336167,1.00313
0.0336333,-0.514652
0.03365,1.21685
0.0336667,0.915906
0.0336833,0.161374
0.0337,1.19068
0.0337167,1.02058
0.0337333,1.22993
0.03375,0.218073
0.0337667,1.7315
0.0337833,-0.806869
0.0338,0.51029
0.0338167,1.65735
0.0338333,-0.252964
0.03385,-1.05547
0.0338667,1.63118
0.0338833,1.90596
0.0339,-0.54082
0.0339167,1.68788
0.0339333,0.702194
0.03395,-0.375085
0.0339667,0.824315
0.0339833,0.793785
0.034,-0.4187
0.0340167,-0.109036
0.0340333,1.50906
0.03405,0.279133
0.0340667,0.763255
0.0340833,0.296579
0.0341,-0.318386
0.0341167,0.0305302
0.0341333,2.44678
0.03415,0.327109
0.0341667,-0.710917
0.0341833,1.21248
0.0342,-0.462314
0.0342167,-0.963882
0.0342333,1.53087
0.03425,0.754532
0.0342667,-0.680387
0.0342833,-0.667303
0.0343,2.13275
0.0343167,0.776339
0.0343333,-0.65858
0.03435,1.8449
0.0343667,0.942074
0.0343833,-1.93212
0.0344,1.30408
0.0344167,1.54832
0.0344333,-0.566989
0.03445,1.0293
0.0344667,1.40003
0.0344833,-0.318386
0.0345,-1.448
0.0345167,0.44923
0.0345333,0.0305302
0.03455,-0.318386
0.0345667,0.558266
0.0345833,0.872291
0.0346,-0.4187
0.0346167,0.0828677
0.0346333,1.33024
0.03465,-0.152651
0.0346667,-0.0785062
0.0346833,1.6181
0.0347,-0.732725
0.0347167,1.1994
0.0347333,1.57885
0.03475,0.645495
0.0347667,-1.21248
0.0347833,2.15892
0.0348,-0.0785062
0.0348167,0.362001
0.0348333,0.92899
0.03485,1.46981
0.0348667,0.257326
0.0348833,0.309663
0.0349,-0.335832
0.0349167,1.05983
0.0349333,-1.12526
0.03495,1.63991
0.0349667,1.26918
0.0349833,-0.23988
0.035,-0.409977
0.0350167,1.68352
0.0350333,-0.20935
0.03505,0.833038
0.0350667,1.23429
0.0350833,0.994412
0.0351,-0.737086
0.0351167,0.854845
0.0351333,0.414338
0.03515,0.0218073
0.0351667,-0.0785062
0.0351833,1.97574
0.0352,-0.340194
0.0352167,0.968243
0.0352333,0.789423
0.03525,1.35205
0.0352667,1.05547
0.0352833,0.623688
0.0353,0.0697833
0.0353167,0.985689
0.0353333,0.54082
0.03535,1.88851
0.0353667,0.344555
0.0353833,-0.0261687
0.0354,2.80878
0.0354167,-1.13398
0.0354333,0.283495
0.03545,1.48289
0.0354667,0.754532
0.0354833,-1.08164
0.0355,1.60065
0.0355167,1.12089
0.0355333,-1.55704
0.03555,-0.100313
0.0355667,0.833038
0.0355833,0.362001
0.0356,0.758893
0.0356167,1.93212
0.0356333,-0.17882
0.03565,1.32152
0.0356667,2.58198
0.0356833,0.65858
0.0357,-1.40875
0.0357167,3.21875
0.0357333,1.55704
0.03575,-0.92899
0.0357667,1.31716
0.0357833,1.086
0.0358,-1.91032
0.0358167,1.24301
0.0358333,-0.841761
0.03585,-0.972605
0.0358667,1.0293
0.0358833,2.19381
0.0359,0.331471
0.0359167,-0.27041
0.0359333,2.67357
0.03595,0.976966
0.0359667,-1.24738
0.0359833,1.40003
0.036,1.11653
0.0360167,-1.02494
0.0360333,1.01622
0.03605,1.48726
0.0360667,-0.104675
0.0360833,0.0348916
0.0361,2.82622
0.0361167,0.266049
0.0361333,-1.17759
0.03615,1.85362
0.0361667,1.99319
0.0361833,-1.49598
0.0362,2.39008
0.0362167,0.671664
0.0362333,-0.597519
0.03625,0.305302
0.0362667,1.31716
0.0362833,-1.16015
0.0363,0.257326
0.0363167,2.04116
0.0363333,0.174458
0.03635,-0.0610604
0.0363667,1.18632
0.0363833,0.38817
0.0364,0.331471
0.0364167,0.99005
0.0364333,0.767616
0.03645,-0.440507
0.0364667,-0.0130844
0.0364833,1.89723
0.0365,1.24301
0.0365167,0.327109
0.0365333,1.54832
0.03655,0.86793
0.0365667,-1.3913
0.0365833,0.854845
0.0366,1.03366
0.0366167,-0.126482
0.0366333,1.85362
0.03665,1.74894
0.0366667,0.488483
0.0366833,-0.741447
0.0367,1.46981
0.0367167,0.484122
0.0367333,0.135205
0.03675,0.907183
0.0367667,1.36514
0.0367833,-0.86793
0.0368,1.13398
0.0368167,1.52651
0.0368333,0.283495
0.03685,0.968243
0.0368667,-0.0697833
0.0368833,1.30408
0.0369,2.12839
0.0369167,0.095952
0.0369333,0.649857
0.03695,-0.0436146
0.0369667,1.59193
0.0369833,1.79692
0.037,-0.00436146
0.0370167,0.0348916
0.0370333,0.571351
0.03705,0.737086
0.0370667,0.776339
0.0370833,0.405615
0.0371,-0.139567
0.0371167,0.274772
0.0371333,1.59193
0.03715,0.75017
0.0371667,0.126482
0.0371833,0.139567
0.0372,1.59193
0.0372167,0.383808
0.0372333,0.654218
0.03725,-0.218073
0.0372667,-1.69224
0.0372833,0.86793
0.0373,2.25487
0.0373167,-0.161374
0.0373333,0.0785062
0.03735,1.75767
0.0373667,-0.453591
0.0373833,-1.41747
0.0374,2.11094
0.0374167,1.3913
0.0374333,-1.49598
0.03745,0.47976
0.0374667,1.32588
0.0374833,1.59629
0.0375,1.40875
0.0375167,1.35205
0.0375333,0.86793
0.03755,0.824315
0.0375667,0.92899
0.0375833,1.27791
0.0376,0.344555
0.0376167,1.3695
0.0376333,0.994412
0.03765,0.501567
0.0376667,0.335832
0.0376833,1.10781
0.0377,0.0305302
0.0377167,0.51029
0.0377333,2.04116
0.03775,1.09036
0.0377667,-0.514652
0.0377833,0.894098
0.0378,0.38817
0.0378167,0.213711
0.0378333,-0.619327
0.03785,0.109036
0.0378667,0.274772
0.0378833,1.40875
0.0379,0.828677
0.0379167,0.475399
0.0379333,-0.357639
0.03795,0.99005
0.0379667,0.401254
0.0379833,0.601881
0.038,1.43928
0.0380167,0.414338
0.0380333,-0.697833
0.03805,0.976966
0.0380667,1.33461
0.0380833,-0.0654218
0.0381,-0.846122
0.0381167,1.02494
0.0381333,-0.0305302
0.03815,-2.21126
0.0381667,1.59629
0.0381833,0.139567
0.0382,0.580074
0.0382167,0.745809
0.0382333,1.64427
0.03825,-0.0436146
0.0382667,-0.401254
0.0382833,1.68788
0.0383,0.392531
0.0383167,0.135205
0.0383333,1.72714
0.03835,1.28227
0.0383667,1.48726
0.0383833,0.562628
0.0384,0.549543
0.0384167,-0.924629
0.0384333,0.0828677
0.03845,-0.187543
0.0384667,0.519013
0.0384833,1.3913
0.0385,1.36077
0.0385167,0.283495
0.0385333,-0.0218073
0.03855,1.35641
0.0385667,-0.0566989
0.0385833,0.710917
0.0386,0.754532
0.0386167,-1.29971
0.0386333,1.39567
0.03865,0.514652
0.0386667,0.745809
0.0386833,-0.0915906
0.0387,0.828677
0.0387167,1.37386
0.0387333,-0.44923
0.03875,0.863568
0.0387667,1.40439
0.0387833,0.54082
0.0388,1.27791
0.0388167,1.09036
0.0388333,0.4187
0.03885,-0.457953
0.0388667,1.17323
0.0388833,1.75331
0.0389,-0.109036
0.0389167,0.614965
0.0389333,1.7315
0.03895,-0.252964
0.0389667,0.0697833
0.0389833,1.29971
0.039,0.444868
0.0390167,1.086
0.0390333,1.29971
0.03905,-0.955159
0.0390667,-0.584435
0.0390833,1.62682
0.0391,0.20935
0.0391167,0.662941
0.0391333,1.30844
0.03915,1.10781
0.0391667,1.15579
0.0391833,1.53959
0.0392,-0.283495
0.0392167,0.20935
0.0392333,1.64863
0.03925,1.16451
0.0392667,-0.200627
0.0392833,0.580074
0.0393,0.754532
0.0393167,2.18509
0.0393333,0.693471
0.03935,0.47976
0.0393667,1.21685
0.0393833,0.99005
0.0394,1.10345
0.0394167,1.68788
0.0394333,0.846122
0.03945,-0.846122
0.0394667,1.96266
0.0394833,0.902821
0.0395,0.20935
0.0395167,1.70969
0.0395333,-0.475399
0.03955,0.684749
0.0395667,0.833038
0.0395833,0.161374
0.0396,0.187543
0.0396167,1.21685
0.0396333,-1.05983
0.03965,0.457953
0.0396667,1.12526
0.0396833,0.828677
0.0397,1.34333
0.0397167,0.859207
0.0397333,0.457953
0.03975,-0.741447
0.0397667,0.505929
0.0397833,0.758893
0.0398,-0.614965
0.0398167,2.29413
0.0398333,-1.32152
0.03985,-0.0523375
0.0398667,0.811231
0.0398833,0.0872291
0.0399,0.226796
0.0399167,0.811231
0.0399333,0.819954
0.03995,-0.0348916
0.0399667,0.436146
0.0399833,0.536459
0.04,0.143928
0.0400167,0.920267
0.0400333,1.64863
0.04005,0.737086
0.0400667,-0.252964
0.0400833,1.29099
0.0401,0.580074
0.0401167,-0.292218
0.0401333,0.950797
0.04015,0.649857
0.0401667,0.514652
0.0401833,0.553905
0.0402,-0.575712
0.0402167,0.257326
0.0402333,0.501567
0.04025,0.68911
0.0402667,1.01622
0.0402833,2.79133
0.0403,0.183181
0.0403167,1.04239
0.0403333,2.60815
0.04035,0.95952
0.0403667,-0.785062
0.0403833,1.51343
0.0404,2.11967
0.0404167,-0.819954
0.0404333,0.47976
0.04045,0.789423
0.0404667,0.86793
0.0404833,-0.248603
0.0405,2.64304
0.0405167,1.34769
0.0405333,-0.0130844
0.04055,1.9234
0.0405667,1.46545
0.0405833,-0.0261687
0.0406,0.362001
0.0406167,2.3988
0.0406333,-0.619327
0.04065,0.462314
0.0406667,1.44364
0.0406833,0.963882
0.0407,-0.65858
0.0407167,2.54273
0.0407333,1.12089
0.04075,-0.806869
0.0407667,1.16015
0.0407833,1.89287
0.0408,-0.885375
0.0408167,0.109036
0.0408333,2.04552
0.04085,0.126482
0.0408667,-0.314025
0.0408833,2.08914
0.0409,-0.00872291
0.0409167,-0.662941
0.0409333,0.798146
0.04095,-0.113398
0.0409667,-0.758893
0.0409833,1.63991
0.041,1.44364
0.0410167,0.671664
0.0410333,-0.152651
0.04105,2.05425
0.0410667,0.588796
0.0410833,-0.915906
0.0411,1.6748
0.0411167,0.571351
0.0411333,-1.6181
0.04115,0.545182
0.0411667,1.77947
0.0411833,-0.47976
0.0412,-0.235519
0.0412167,0.095952
0.0412333,1.52215
0.04125,-1.60502
0.0412667,2.15892
0.0412833,1.79256
0.0413,-0.492844
0.0413167,1.17323
0.0413333,0.881014
0.04135,-1.12962
0.0413667,1.99755
0.0413833,-0.204988
0.0414,1.57885
0.0414167,-0.593158
0.0414333,0.676026
0.04145,0.610604
0.0414667,-0.597519
0.0414833,-0.213711
0.0415,1.33897
0.0415167,-1.23865
0.0415333,0.68911
0.04155,-0.65858
0.0415667,0.196266
0.0415833,1.67916
0.0416,0.837399
0.0416167,0.20935
0.0416333,0.231157
0.04165,0.841761
0.0416667,0.340194
0.0416833,0.274772
0.0417,1.69224
0.0417167,0.331471
0.0417333,-0.724002
0.04175,3.101
0.0417667,0.23988
0.0417833,0.527736
0.0418,0.693471
0.0418167,0.431784
0.0418333,-0.54082
0.04185,0.471037
0.0418667,1.22557
0.0418833,0.427423
0.0419,0.0392531
0.0419167,0.837399
0.0419333,-0.693471
0.04195,0.444868
0.0419667,1.17759
0.0419833,-0.593158
0.042,-0.17882
0.0420167,1.93212
0.0420333,1.57012
0.04205,-0.117759
0.0420667,1.8449
0.0420833,1.89287
0.0421,-0.771978
0.0421167,0.649857
0.0421333,1.55704
0.04215,0.130844
0.0421667,-0.562628
0.0421833,1.66608
0.0422,1.77075
0.0422167,0.514652
0.0422333,0.47976
0.04225,1.53087
0.0422667,0.693471
0.0422833,0.335832
0.0423,1.63991
0.0423167,-0.523375
0.0423333,0.933352
0.04235,1.60502
0.0423667,0.501567
0.0423833,0.139567
0.0424,1.16015
0.0424167,-0.0872291
0.0424333,-0.963882
0.04245,1.63118
0.0424667,2.12839
0.0424833,-1.04239
0.0425,0.226796
0.0425167,3.57639
0.0425333,-0.466676
0.04255,-0.824315
0.0425667,0.693471
0.0425833,-0.122121
0.0426,-0.732725
0.0426167,0.619327
0.0426333,0.226796
0.04265,0.462314
0.0426667,0.745809
0.0426833,1.35641
0.0427,0.348916
0.0427167,0.0610604
0.0427333,2.44242
0.04275,1.20376
0.0427667,-1.03803
0.0427833,1.90596
0.0428,0.462314
0.0428167,-0.257326
0.0428333,0.484122
0.04285,2.80878
0.0428667,-0.161374
0.0428833,-0.431784
0.0429,2.11094
0.0429167,0.126482
0.0429333,-0.257326
0.04295,2.01499
0.0429667,0.584435
0.0429833,-0.601881
0.043,-0.318386
0.0430167,0.859207
0.0430333,-0.702194
0.04305,1.43492
0.0430667,0.841761
0.0430833,-0.44923
0.0431,-0.588796
0.0431167,0.833038
0.0431333,-0.0828677
0.04315,0.902821
0.0431667,-0.575712
0.0431833,-0.614965
0.0432,0.780701
0.0432167,1.23865
0.0432333,0.0348916
0.04325,0.314025
0.0432667,-0.536459
0.0432833,1.91904
0.0433,0.819954
0.0433167,0.204988
0.0433333,0.475399
0.04335,-0.27041
0.0433667,0.309663
0.0433833,0.357639
0.0434,0.833038
0.0434167,0.745809
0.0434333,0.54082
0.04345,0.462314
0.0434667,0.662941
0.0434833,0.732725
0.0435,1.56576
0.0435167,-0.802508
0.0435333,-0.244242
0.04355,0.287856
0.0435667,-0.283495
0.0435833,0.314025
0.0436,1.94521
0.0436167,0.257326
0.0436333,1.53087
0.04365,1.73586
0.0436667,1.89723
0.0436833,-0.815592
0.0437,2.09786
0.0437167,2.02808
0.0437333,-0.095952
0.04375,0.693471
0.0437667,1.12089
0.0437833,0.204988
0.0438,-0.353278
0.0438167,0.62805
0.0438333,0.623688
0.04385,-0.0697833
0.0438667,1.65735
0.0438833,1.91904
0.0439,-0.47976
0.0439167,-0.636773
0.0439333,2.02372
0.04395,-0.340194
0.0439667,0.0610604
0.0439833,0.95952
0.044,0.793785
0.0440167,0.47976
0.0440333,0.614965
0.04405,0.0261687
0.0440667,0.357639
0.0440833,0.218073
0.0441,0.196266
0.0441167,-0.671664
0.0441333,0.165735
0.04415,0.632411
0.0441667,0.4187
0.0441833,-0.575712
0.0442,1.87979
0.0442167,0.763255
0.0442333,-0.20935
0.04425,1.36077
0.0442667,0.99005
0.0442833,-1.50034
0.0443,1.00313
0.0443167,1.70097
0.0443333,-0.27041
0.04435,0.340194
0.0443667,1.45673
0.0443833,1.58757
0.0444,0.610604
0.0444167,0.632411
0.0444333,1.93649
0.04445,-0.54082
0.0444667,0.457953
0.0444833,1.18195
0.0445,0.654218
0.0445167,0.610604
0.0445333,-0.527736
0.04455,0.51029
0.0445667,-0.641134
0.0445833,1.29535
0.0446,0.157012
0.0446167,-0.423061
0.0446333,0.20935
0.04465,1.62682
0.0446667,1.0293
0.0446833,1.11653
0.0447,0.654218
0.0447167,0.396892
0.0447333,1.0075
0.04475,1.79692
0.0447667,0.113398
0.0447833,-0.636773
0.0448,-0.0697833
0.0448167,1.87979
0.0448333,0.0915906
0.04485,1.33897
0.0448667,0.143928
0.0448833,1.0075
0.0449,0.252964
0.0449167,-0.104675
0.0449333,-0.601881
0.04495,0.62805
0.0449667,0.453591
0.0449833,1.75767
0.045,-1.47853
0.0450167,1.12526
0.0450333,0.505929
0.04505,-0.427423
0.0450667,0.0392531
0.0450833,0.876653
0.0451,-0.047976
0.0451167,1.2561
0.0451333,1.11653
0.04515,0.00436146
0.0451667,1.67916
0.0451833,1.18632
0.0452,-0.702194
0.0452167,1.1427
0.0452333,0.780701
0.04525,-0.135205
0.0452667,-0.0436146
0.0452833,0.623688
0.0453,0.645495
0.0453167,0.095952
0.0453333,1.95829
0.04535,0.597519
0.0453667,0.095952
0.0453833,0.593158
0.0454,0.00436146
0.0454167,-0.0305302
0.0454333,1.26046
0.04545,0.920267
0.0454667,-1.09473
0.0454833,0.828677
0.0455,-0.0436146
0.0455167,0.745809
0.0455333,1.74894
0.04555,0.62805
0.0455667,0.606242
0.0455833,-1.09036
0.0456,0.309663
0.0456167,2.1502
0.0456333,-0.196266
0.04565,-0.793785
0.0456667,2.93962
0.0456833,0.165735
0.0457,1.09036
0.0457167,-0.366362
0.0457333,1.89723
0.04575,-2.35519
0.0457667,0.614965
0.0457833,0.38817
0.0458,0.0741447
0.0458167,0.423061
0.0458333,2.3421
0.04585,-0.584435
0.0458667,-0.889737
0.0458833,1.1994
0.0459,1.02058
0.0459167,-0.741447
0.0459333,1.70969
0.04595,0.998773
0.0459667,0.558266
0.0459833,0.937713
0.046,0.266049
0.0460167,0.357639
0.0460333,0.601881
0.04605,0.414338
0.0460667,0.0697833
0.0460833,0.409977
0.0461,0.466676
0.0461167,1.12089
0.0461333,0.527736
0.04615,1.02058
0.0461667,1.36514
0.0461833,0.095952
0.0462,0.292218
0.0462167,0.99005
0.0462333,1.18632
0.04625,-0.423061
0.0462667,1.42183
0.0462833,0.588796
0.0463,-0.405615
0.0463167,0.484122
0.0463333,1.58321
0.04635,-1.31716
0.0463667,-0.4187
0.0463833,1.86234
0.0464,-0.697833
0.0464167,0.204988
0.0464333,2.37263
0.04645,1.1427
0.0464667,0.143928
0.0464833,1.38258
0.0465,2.04552
0.0465167,-0.357639
0.0465333,0.62805
0.04655,0.955159
0.0465667,0.915906
0.0465833,0.0915906
0.0466,1.18195
0.0466167,0.109036
0.0466333,1.20376
0.04665,1.33461
0.0466667,-0.0218073
0.0466833,0.732725
0.0467,0.95952
0.0467167,-0.902821
0.0467333,-0.0915906
0.04675,1.91468
0.0467667,1.7882
0.0467833,-0.296579
0.0468,0.139567
0.0468167,1.52651
0.0468333,-1.1427
0.04685,1.15579
0.0468667,1.74894
0.0468833,0.226796
0.0469,-0.104675
0.0469167,0.71964
0.0469333,-0.357639
0.04695,0.824315
0.0469667,1.21685
0.0469833,-0.222434
0.047,-1.13834
0.0470167,1.00313
0.0470333,0.462314
0.04705,-1.17323
0.0470667,0.104675
0.0470833,2.32029
0.0471,0.20935
0.0471167,0.824315
0.0471333,0.833038
0.04715,1.18195
0.0471667,-1.74458
0.0471833,0.645495
0.0472,2.15892
0.0472167,-0.780701
0.0472333,0.902821
0.04725,2.38135
0.0472667,-0.623688
0.0472833,0.0174458
0.0473,2.45114
0.0473167,0.322748
0.0473333,-1.19068
0.04735,1.49162
0.0473667,1.47417
0.0473833,-1.55268
0.0474,1.29971
0.0474167,0.693471
0.0474333,0.431784
0.04745,0.758893
0.0474667,1.08164
0.0474833,0.292218
0.0475,1.17759
0.0475167,0.793785
0.0475333,0.606242
0.04755,-0.366362
0.0475667,1.07292
0.0475833,0.789423
0.0476,-2.06297
0.0476167,2.86548
0.0476333,0.405615
0.04765,-1.01622
0.0476667,0.575712
0.0476833,1.08164
0.0477,-0.0785062
0.0477167,-1.18632
0.0477333,-0.104675
0.04775,0.994412
0.0477667,0.283495
0.0477833,1.75767
0.0478,1.22993
0.0478167,-0.0872291
0.0478333,2.35955
0.04785,2.17637
0.0478667,-0.0348916
0.0478833,0.23988
0.0479,0.902821
0.0479167,0.0174458
0.0479333,-1.70097
0.04795,0.139567
0.0479667,1.99755
0.0479833,-0.841761
0.048,0.828677
0.0480167,0.985689
0.0480333,1.01186
0.04805,0.0523375
0.0480667,0.38817
0.0480833,1.52215
0.0481,0.981328
0.0481167,1.10345
0.0481333,0.497206
0.04815,0.348916
0.0481667,0.488483
0.0481833,1.57012
0.0482,0.837399
0.0482167,-0.344555
0.0482333,0.17882
0.04825,1.27791
0.0482667,0.793785
0.0482833,0.322748
0.0483,0.279133
0.0483167,0.0915906
0.0483333,1.06856
0.04835,0.20935
0.0483667,1.42183
0.0483833,0.937713
0.0484,0.204988
0.0484167,-0.0915906
0.0484333,-0.231157
0.04845,1.44364
0.0484667,-0.505929
0.0484833,-0.279133
0.0485,0.252964
0.0485167,0.191904
0.0485333,-0.0348916
0.04855,0.27041
0.0485667,0.806869
0.0485833,0.314025
0.0486,-0.728363
0.0486167,2.10658
0.0486333,0.876653
0.04865,-0.135205
0.0486667,-0.0828677
0.0486833,0.157012
0.0487,0.846122
0.0487167,1.61374
0.0487333,-0.597519
0.04875,0.654218
0.0487667,1.5614
0.0487833,0.676026
0.0488,-0.737086
0.0488167,1.65299
0.0488333,0.737086
0.04885,-0.0348916
0.0488667,1.89287
0.0488833,1.94085
0.0489,-0.828677
0.0489167,0.392531
0.0489333,2.37699
0.04895,-1.0075
0.0489667,-1.20376
0.0489833,1.12526
0.049,1.70969
0.0490167,-0.348916
0.0490333,1.33024
0.04905,2.0935
0.0490667,-0.815592
0.0490833,-0.309663
0.0491,1.97574
0.0491167,1.34333
0.0491333,-1.29099
0.04915,1.69661
0.0491667,1.86234
0.0491833,-1.48289
0.0492,2.27668
0.0492167,2.46422
0.0492333,-0.968243
0.04925,1.086
0.0492667,2.37263
0.0492833,0.894098
0.0493,0.780701
0.0493167,2.43369
0.0493333,0.684749
0.04935,-1.3695
0.0493667,1.40439
0.0493833,1.9801
0.0494,-1.33897
0.0494167,2.03244
0.0494333,0.89846
0.04945,-2.38135
0.0494667,1.02494
0.0494833,1.43492
0.0495,-1.32152
0.0495167,-0.828677
0.0495333,1.01186
0.04955,0.881014
0.0495667,0.135205
0.0495833,1.67044
0.0496,2.21126
0.0496167,-1.68352
0.0496333,1.58757
0.04965,1.90596
0.0496667,-0.318386
0.0496833,0.44923
0.0497,0.785062
0.0497167,0.00436146
0.0497333,-0.850484
0.04975,1.3913
0.0497667,-0.130844
0.0497833,-1.67044
0.0498,2.51656
0.0498167,-0.157012
0.0498333,-0.318386
0.04985,1.62246
0.0498667,0.863568
0.0498833,-0.401254
0.0499,0.902821
0.0499167,0.566989
0.0499333,-0.226796
0.04995,-0.0174458
0.0499667,1.69661
0.0499833,-0.654218
0.05,0.863568
0.0500167,2.7041
0.0500333,0.0915906
0.05005,-0.968243
0.0500667,1.3695
0.0500833,1.08164
0.0501,-0.724002
0.0501167,0.693471
0.0501333,1.3695
0.05015,0.414338
0.0501667,1.66171
0.0501833,2.2069
0.0502,0.204988
0.0502167,0.606242
0.0502333,1.03366
0.05025,0.27041
0.0502667,1.60502
0.0502833,0.811231
0.0503,0.38817
0.0503167,0.488483
0.0503333,2.32466
0.05035,1.19504
0.0503667,-0.113398
0.0503833,0.942074
0.0504,1.3128
0.0504167,-1.72714
0.0504333,0.885375
0.05045,2.2069
0.0504667,-0.514652
0.0504833,-0.453591
0.0505,0.854845
0.0505167,0.649857
0.0505333,-1.03366
0.05055,1.3695
0.0505667,0.963882
0.0505833,-0.348916
0.0506,0.780701
0.0506167,0.457953
0.0506333,0.222434
0.05065,-0.183181
0.0506667,0.309663
0.0506833,1.70533
0.0507,-1.94085
0.0507167,1.53523
0.0507333,1.13398
0.05075,-1.45673
0.0507667,0.889737
0.0507833,2.00627
0.0508,-1.26482
0.0508167,-0.405615
0.0508333,1.96266
0.05085,1.22557
0.0508667,-0.942074
0.0508833,0.536459
0.0509,3.30162
0.0509167,-0.68911
0.0509333,-0.148289
0.05095,2.85675
0.0509667,0.471037
0.0509833,-0.314025
0.051,0.261687
0.0510167,0.505929
0.0510333,-1.34333
0.05105,0.196266
0.0510667,1.91904
0.0510833,0.0654218
0.0511,-0.994412
0.0511167,0.972605
0.0511333,2.01499
0.05115,-1.06856
0.0511667,1.80128
0.0511833,0.881014
0.0512,-0.261687
0.0512167,0.697833
0.0512333,0.645495
0.05125,-0.492844
0.0512667,-0.143928
0.0512833,0.802508
0.0513,0.894098
0.0513167,-0.0915906
0.0513333,1.09909
0.05135,0.471037
0.0513667,-1.09036
0.0513833,0.571351
0.0514,0.610604
0.0514167,-0.99005
0.0514333,1.80128
0.05145,1.64863
0.0514667,-0.444868
0.0514833,1.70969
0.0515,1.03366
0.0515167,0.165735
0.0515333,0.444868
0.05155,1.23429
0.0515667,-0.0436146
0.0515833,1.2561
0.0516,0.475399
0.0516167,0.165735
0.0516333,0.157012
0.05165,0.305302
0.0516667,0.383808
0.0516833,-0.414338
0.0517,-0.314025
0.0517167,0.51029
0.0517333,0.571351
0.05175,0.335832
0.0517667,0.885375
0.0517833,-0.348916
0.0518,2.07169
0.0518167,0.562628
0.0518333,-0.623688
0.05185,2.1502
0.0518667,1.85362
0.0518833,-0.693471
0.0519,0.902821
0.0519167,2.17637
0.0519333,0.715279
0.05195,-1.69661
0.0519667,1.7882
0.0519833,1.69661
0.052,-1.9234
0.0520167,1.49162
0.0520333,3.11844
0.05205,-0.846122
0.0520667,-0.266049
0.0520833,2.49475
0.0521,0.00436146
0.0521167,-0.593158
0.0521333,1.87106
0.05215,0.632411
0.0521667,-1.60502
0.0521833,0.710917
0.0522,1.33461
0.0522167,-0.793785
0.0522333,-0.0566989
0.05225,2.60815
0.0522667,0.27041
0.0522833,-1.1994
0.0523,1.35205
0.0523167,2.64304
0.0523333,-2.42933
0.05235,1.32152
0.0523667,1.70533
0.0523833,-1.56576
0.0524,-0.165735
0.0524167,1.64863
0.0524333,-0.431784
0.05245,-1.12526
0.0524667,-0.92899
0.0524833,0.854845
0.0525,-0.728363
0.0525167,1.35641
0.0525333,0.588796
0.05255,-0.981328
0.0525667,-0.383808
0.0525833,0.89846
0.0526,0.654218
0.0526167,0.471037
0.0526333,0.0392531
0.05265,0.440507
0.0526667,-0.0392531
0.0526833,0.92899
0.0527,2.07605
0.0527167,-0.38817
0.0527333,1.81437
0.05275,0.47976
0.0527667,0.143928
0.0527833,0.785062
0.0528,1.02058
0.0528167,0.767616
0.0528333,-0.0741447
0.05285,1.03366
0.0528667,1.84053
0.0528833,-0.0915906
0.0529,1.54396
0.0529167,1.2561
0.0529333,0.763255
0.05295,0.789423
0.0529667,0.248603
0.0529833,0.854845
0.053,1.12089
0.0530167,-0.514652
0.0530333,1.29099
0.05305,0.370724
0.0530667,-0.30094
0.0530833,-0.492844
0.0531,0.370724
0.0531167,0.348916
0.0531333,0.92899
0.05315,0.427423
0.0531667,1.07728
0.0531833,0.0872291
0.0532,0.841761
0.0532167,0.27041
0.0532333,-0.436146
0.05325,0.514652
0.0532667,2.12839
0.0532833,1.02058
0.0533,-0.86793
0.0533167,0.580074
0.0533333,1.85798
0.05335,-0.135205
0.0533667,0.170097
0.0533833,0.488483
0.0534,1.1427
0.0534167,-0.100313
0.0534333,0.170097
0.05345,0.702194
0.0534667,0.20935
0.0534833,0.593158
0.0535,0.117759
0.0535167,1.22557
0.0535333,1.22993
0.05355,0.828677
0.0535667,0.950797
0.0535833,0.4187
0.0536,1.65735
0.0536167,1.02058
0.0536333,0.357639
0.05365,0.623688
0.0536667,0.86793
0.0536833,0.780701
0.0537,0.0523375
0.0537167,1.99319
0.0537333,0.152651
0.05375,-0.846122
0.0537667,2.30721
0.0537833,0.684749
0.0538,-0.976966
0.0538167,0.427423
0.0538333,1.36514
0.05385,-1.1427
0.0538667,0.305302
0.0538833,1.03366
0.0539,0.4187
0.0539167,-1.34769
0.0539333,1.85362
0.05395,1.85798
0.0539667,-0.811231
0.0539833,0.466676
0.054,1.69661
0.0540167,-0.763255
0.0540333,0.819954
0.05405,2.61687
0.0540667,1.0642
0.0540833,-1.64427
0.0541,1.59193
0.0541167,-0.597519
0.0541333,-0.379447
0.05415,1.0293
0.0541667,1.90159
0.0541833,-0.20935
0.0542,1.07728
0.0542167,0.645495
0.0542333,0.994412
0.05425,0.0174458
0.0542667,1.09909
0.0542833,0.684749
0.0543,0.501567
0.0543167,1.70969
0.0543333,0.401254
0.05435,0.235519
0.0543667,1.90159
0.0543833,0.745809
0.0544,0.942074
0.0544167,1.57012
0.0544333,0.981328
0.05445,-1.69224
0.0544667,1.02494
0.0544833,1.1427
0.0545,0.484122
0.0545167,-0.0697833
0.0545333,1.05111
0.05455,1.05983
0.0545667,0.191904
0.0545833,1.74894
0.0546,0.915906
0.0546167,-0.0218073
0.0546333,-0.266049
0.05465,1.57885
0.0546667,0.606242
0.0546833,0.680387
0.0547,-0.837399
0.0547167,0.806869
0.0547333,1.56576
0.05475,0.606242
0.0547667,-1.3128
0.0547833,2.08914
0.0548,1.02058
0.0548167,-0.30094
0.0548333,-0.305302
0.05485,2.01499
0.0548667,0.71964
0.0548833,0.724002
0.0549,1.84926
0.0549167,-0.148289
0.0549333,-0.414338
0.05495,1.17323
0.0549667,0.0174458
0.0549833,0.0261687
0.055,0.623688
0.0550167,1.60065
0.0550333,-0.117759
0.05505,-0.0785062
0.0550667,2.09786
0.0550833,0.92899
0.0551,0.457953
0.0551167,0.937713
0.0551333,1.46545
0.05515,-1.22121
0.0551667,0.327109
0.0551833,1.46109
0.0552,0.226796
0.0552167,-0.109036
0.0552333,0.737086
0.05525,0.0130844
0.0552667,-0.357639
0.0552833,1.448
0.0553,2.11531
0.0553167,-0.763255
0.0553333,-0.436146
0.05535,2.03244
0.0553667,-0.161374
0.0553833,-1.15142
0.0554,1.16451
0.0554167,0.815592
0.0554333,-0.593158
0.05545,1.59193
0.0554667,1.38258
0.0554833,-1.02494
0.0555,1.5047
0.0555167,0.985689
0.0555333,-0.457953
0.05555,0.17882
0.0555667,1.57885
0.0555833,0.92899
0.0556,0.798146
0.0556167,1.55268
0.0556333,1.63118
0.05565,-1.89723
0.0556667,0.741447
0.0556833,2.35519
0.0557,0.191904
0.0557167,1.07728
0.0557333,0.662941
0.05575,0.575712
0.0557667,-0.44923
0.0557833,1.54832
0.0558,0.702194
0.0558167,-0.911544
0.0558333,0.440507
0.05585,-0.100313
0.0558667,0.104675
0.0558833,-0.558266
0.0559,1.65299
0.0559167,-0.187543
0.0559333,1.17323
0.05595,1.7882
0.0559667,0.92899
0.0559833,-0.0523375
0.056,0.296579
0.0560167,-0.261687
0.0560333,-0.353278
0.05605,0.588796
0.0560667,1.02494
0.0560833,-0.414338
0.0561,-0.0872291
0.0561167,1.66608
0.0561333,0.148289
0.05615,1.09473
0.0561667,1.16887
0.0561833,-0.444868
0.0562,1.96266
0.0562167,1.04239
0.0562333,-0.767616
0.05625,0.00436146
0.0562667,2.11531
0.0562833,0.187543
0.0563,0.222434
0.0563167,1.92776
0.0563333,-0.0610604
0.05635,-0.0566989
0.0563667,1.68352
0.0563833,0.907183
0.0564,0.196266
0.0564167,-0.405615
0.0564333,1.67916
0.05645,0.17882
0.0564667,0.763255
0.0564833,0.885375
0.0565,0.693471
0.0565167,-0.244242
0.0565333,1.33461
0.05655,0.0218073
0.0565667,1.41747
0.0565833,0.117759
0.0566,1.74894
0.0566167,0.780701
0.0566333,-0.553905
0.05665,1.35205
0.0566667,0.911544
0.0566833,-0.0872291
0.0567,0.872291
0.0567167,1.34769
0.0567333,-0.117759
0.05675,0.811231
0.0567667,0.881014
0.0567833,-0.0828677
0.0568,-0.148289
0.0568167,0.763255
0.0568333,1.76203
0.05685,0.00436146
0.0568667,1.52651
0.0568833,0.937713
0.0569,0.466676
0.0569167,0.213711
0.0569333,1.76639
0.05695,-0.331471
0.0569667,0.0523375
0.0569833,0.0348916
0.057,0.183181
0.0570167,-0.99005
0.0570333,1.22993
0.05705,1.50906
0.0570667,-0.523375
0.0570833,0.697833
0.0571,2.97887
0.0571167,0.392531
0.0571333,-1.28663
0.05715,1.89287
0.0571667,0.292218
0.0571833,-1.48289
0.0572,2.0368
0.0572167,1.22557
0.0572333,-1.38258
0.05725,-0.453591
0.0572667,2.51656
0.0572833,0.122121
0.0573,-0.697833
0.0573167,2.77389
0.0573333,1.45236
0.05735,-1.61374
0.0573667,1.71405
0.0573833,0.54082
0.0574,-1.38258
0.0574167,1.60065
0.0574333,1.26046
0.05745,-0.440507
0.0574667,1.26918
0.0574833,1.97574
0.0575,-0.89846
0.0575167,0.279133
0.0575333,2.45986
0.05755,-0.553905
0.0575667,0.318386
0.0575833,1.62682
0.0576,1.00313
0.0576167,-0.23988
0.0576333,0.593158
0.05765,1.67916
0.0576667,-1.33461
0.0576833,1.3128
0.0577,2.47731
0.0577167,0.257326
0.0577333,0.614965
0.05775,1.60502
0.0577667,-0.654218
0.0577833,1.71405
0.0578,1.66608
0.0578167,0.0741447
0.0578333,-0.0305302
0.05785,0.379447
0.0578667,0.724002
0.0578833,-0.754532
0.0579,1.29535
0.0579167,1.88851
0.0579333,-1.71405
0.05795,1.47417
0.0579667,0.86793
0.0579833,-0.379447
0.058,0.0218073
0.0580167,1.8667
0.0580333,0.732725
0.05805,1.00313
0.0580667,2.24179
0.0580833,0.837399
0.0581,-1.17759
0.0581167,2.09786
0.0581333,1.44364
0.05815,-0.279133
0.0581667,1.80564
0.0581833,1.39567
0.0582,-0.204988
0.0582167,1.45673
0.0582333,1.13834
0.05825,-0.89846
0.0582667,-0.676026
0.0582833,1.60065
0.0583,0.305302
0.0583167,-0.248603
0.0583333,1.71841
0.05835,-0.292218
0.0583667,-0.497206
0.0583833,1.03803
0.0584,0.488483
0.0584167,0.924629
0.0584333,0.0654218
0.05845,1.37386
0.0584667,-0.292218
0.0584833,-1.02058
0.0585,1.53959
0.0585167,0.226796
0.0585333,-0.566989
0.05855,0.728363
0.0585667,0.0697833
0.0585833,-0.126482
0.0586,0.248603
0.0586167,1.05547
0.0586333,0.0785062
0.05865,1.22993
0.0586667,1.27355
0.0586833,0.466676
0.0587,-0.4187
0.0587167,1.10781
0.0587333,1.36077
0.05875,0.619327
0.0587667,1.19504
0.0587833,0.920267
0.0588,0.222434
0.0588167,0.457953
0.0588333,1.90159
0.05885,0.440507
0.0588667,-0.693471
0.0588833,0.75017
0.0589,0.0261687
0.0589167,0.575712
0.0589333,0.187543
0.05895,0.885375
0.0589667,1.4262
0.0589833,0.196266
0.059,0.680387
0.0590167,0.0130844
0.0590333,0.671664
0.05905,0.200627
0.0590667,1.36514
0.0590833,1.51343
0.0591,-0.379447
0.0591167,-0.566989
0.0591333,1.7882
0.05915,1.28663
0.0591667,1.23865
0.0591833,1.05111
0.0592,2.33338
0.0592167,0.706556
0.0592333,-0.427423
0.05925,-0.126482
0.0592667,0.815592
0.0592833,-0.427423
0.0593,-0.30094
0.0593167,0.641134
0.0593333,0.44923
0.05935,0.266049
0.0593667,2.15892
0.0593833,0.532098
0.0594,-0.724002
0.0594167,0.170097
0.0594333,1.12526
0.05945,0.353278
0.0594667,-0.488483
0.0594833,1.15579
0.0595,0.436146
0.0595167,-0.0654218
0.0595333,0.798146
0.05955,0.279133
0.0595667,-1.28227
0.0595833,1.83181
0.0596,1.38258
0.0596167,-0.811231
0.0596333,1.25174
0.05965,0.44923
0.0596667,0.218073
0.0596833,0.488483
0.0597,0.614965
0.0597167,1.09909
0.0597333,-0.161374
0.05975,1.29099
0.0597667,0.737086
0.0597833,-1.05111
0.0598,0.907183
0.0598167,2.50348
0.0598333,-1.26482
0.05985,0.894098
0.0598667,1.1994
0.0598833,0.601881
0.0599,-1.53087
0.0599167,1.25174
0.0599333,-0.527736
0.05995,-0.261687
0.0599667,0.427423
0.0599833,2.2636
0.06,-0.798146
0.0600167,0.183181
0.0600333,1.04675
0.06005,-0.614965
0.0600667,-0.767616
0.0600833,0.571351
0.0601,0.204988
0.0601167,-0.257326
0.0601333,1.17759
0.06015,0.492844
0.0601667,-1.89723
0.0601833,2.32466
0.0602,-0.505929
0.0602167,0.322748
0.0602333,2.45986
0.06025,0.457953
0.0602667,0.222434
0.0602833,1.18632
0.0603,1.73586
0.0603167,-0.671664
0.0603333,1.72277
0.06035,1.47853
0.0603667,0.580074
0.0603833,0.47976
0.0604,0.789423
0.0604167,0.139567
0.0604333,-0.314025
0.06045,0.492844
0.0604667,1.67916
0.0604833,-0.322748
0.0605,1.56576
0.0605167,2.03244
0.0605333,-0.484122
0.06055,0.667303
0.0605667,0.191904
0.0605833,0.51029
0.0606,0.889737
0.0606167,0.392531
0.0606333,0.950797
0.06065,0.963882
0.0606667,0.606242
0.0606833,0.71964
0.0607,0.23988
0.0607167,0.104675
0.0607333,0.113398
0.06075,-0.606242
0.0607667,0.20935
0.0607833,0.344555
0.0608,1.20376
0.0608167,-0.200627
0.0608333,0.0610604
0.06085,1.99319
0.0608667,0.244242
0.0608833,-0.17882
0.0609,1.90159
0.0609167,-0.0130844
0.0609333,-0.0697833
0.06095,1.76203
0.0609667,1.40439
0.0609833,0.431784
0.061,1.70533
0.0610167,1.05111
0.0610333,0.335832
0.06105,2.11531
0.0610667,0.950797
0.0610833,0.148289
0.0611,1.71841
0.0611167,-0.693471
0.0611333,1.5047
0.06115,-1.53523
0.0611667,0.457953
0.0611833,2.11967
0.0612,0.187543
0.0612167,-0.292218
0.0612333,1.88415
0.06125,-0.985689
0.0612667,0.676026
0.0612833,-0.17882
0.0613,1.13834
0.0613167,0.362001
0.0613333,-0.802508
0.06135,0.614965
0.0613667,-0.348916
0.0613833,0.431784
0.0614,1.53959
0.0614167,-0.379447
0.0614333,1.44364
0.06145,0.532098
0.0614667,0.235519
0.0614833,0.584435
0.0615,0.353278
0.0615167,0.981328
0.0615333,-0.571351
0.06155,0.758893
0.0615667,0.811231
0.0615833,-1.01186
0.0616,0.0218073
0.0616167,0.828677
0.0616333,-0.976966
0.06165,0.235519
0.0616667,2.47731
0.0616833,1.10345
0.0617,-0.645495
0.0617167,0.218073
0.0617333,0.204988
0.06175,0.095952
0.0617667,0.763255
0.0617833,1.09473
0.0618,-1.02058
0.0618167,1.10345
0.0618333,1.45673
0.06185,-0.745809
0.0618667,0.623688
0.0618833,1.9234
0.0619,0.00872291
0.0619167,0.0610604
0.0619333,1.77075
0.06195,-0.558266
0.0619667,-1.30844
0.0619833,2.2854
0.062,1.34769
0.0620167,-0.165735
0.0620333,1.21248
0.06205,1.29971
0.0620667,-1.39567
0.0620833,1.13834
0.0621,1.51343
0.0621167,-1.28663
0.0621333,0.292218
0.06215,1.91468
0.0621667,-0.466676
0.0621833,0.636773
0.0622,2.11531
0.0622167,-0.0174458
0.0622333,-0.126482
0.06225,2.05861
0.0622667,0.641134
0.0622833,-1.70969
0.0623,1.1427
0.0623167,1.79256
0.0623333,-1.13398
0.06235,0.95952
0.0623667,1.53087
0.0623833,0.846122
0.0624,-1.0075
0.0624167,1.77511
0.0624333,0.610604
0.06245,-1.50034
0.0624667,1.61374
0.0624833,1.36514
0.0625,-0.523375
0.0625167,2.32029
0.0625333,1.16451
0.06255,-0.353278
0.0625667,0.440507
0.0625833,3.58948
0.0626,-1.01622
0.0626167,0.318386
0.0626333,3.03993
0.06265,0.23988
0.0626667,-1.32588
0.0626833,2.64304
0.0627,0.99005
0.0627167,-1.10345
0.0627333,2.12403
0.06275,1.07292
0.0627667,-1.11217
0.0627833,-0.885375
0.0628,3.32779
0.0628167,-1.10781
0.0628333,-1.07292
0.06285,2.00627
0.0628667,1.26482
0.0628833,-2.14584
0.0629,1.86234
0.0629167,0.427423
0.0629333,-0.453591
0.06295,0.715279
0.0629667,1.45673
0.0629833,-1.6181
0.063,0.619327
0.0630167,2.88292
0.0630333,-0.0610604
0.06305,0.409977
0.0630667,1.54832
0.0630833,2.18509
0.0631,-1.448
0.0631167,1.49162
0.0631333,0.876653
0.06315,-0.266049
0.0631667,2.18073
0.0631833,1.16015
0.0632,0.994412
0.0632167,0.811231
0.0632333,1.21248
0.06325,-0.671664
0.0632667,1.40875
0.0632833,0.881014
0.0633,-0.191904
0.0633167,0.366362
0.0633333,1.78384
0.06335,0.366362
0.0633667,-0.366362
0.0633833,0.859207
0.0634,0.545182
0.0634167,-0.828677
0.0634333,2.55145
0.06345,-0.244242
0.0634667,-2.20254
0.0634833,1.25174
0.0635,1.09473
0.0635167,-0.51029
0.0635333,1.49162
0.06355,0.204988
0.0635667,0.392531
0.0635833,-0.881014
0.0636,0.183181
0.0636167,0.741447
0.0636333,1.28227
0.06365,0.558266
0.0636667,-0.100313
0.0636833,-0.292218
0.0637,1.21685
0.0637167,0.51029
0.0637333,-0.453591
0.06375,1.63991
0.0637667,2.04552
0.0637833,0.754532
0.0638,0.117759
0.0638167,1.84053
0.0638333,0.344555
0.06385,0.876653
0.0638667,0.553905
0.0638833,2.60379
0.0639,-0.798146
0.0639167,0.23988
0.0639333,3.59384
0.06395,-0.780701
0.0639667,-0.0130844
0.0639833,1.20812
0.064,-0.436146
0.0640167,-0.0261687
0.0640333,1.24738
0.06405,1.3913
0.0640667,-0.0261687
0.0640833,0.824315
0.0641,1.43492
0.0641167,-0.0697833
0.0641333,-0.252964
0.06415,1.17759
0.0641667,-0.950797
0.0641833,-0.279133
0.0642,0.54082
0.0642167,1.12526
0.0642333,1.70533
0.06425,-1.09473
0.0642667,0.0392531
0.0642833,0.143928
0.0643,1.21685
0.0643167,0.562628
0.0643333,0.776339
0.06435,0
0.0643667,0.667303
0.0643833,1.74894
0.0644,-0.200627
0.0644167,0.122121
0.0644333,0.0218073
0.06445,-0.405615
0.0644667,1.68788
0.0644833,1.20812
0.0645,0.383808
0.0645167,1.22557
0.0645333,0.789423
0.06455,1.74458
0.0645667,0.553905
0.0645833,0.998773
0.0646,0.911544
0.0646167,1.16451
0.0646333,0.095952
0.06465,-0.126482
0.0646667,1.69661
0.0646833,0
0.0647,0.532098
0.0647167,1.26046
0.0647333,1.15142
0.06475,0.231157
0.0647667,0.335832
0.0647833,0.200627
0.0648,0.789423
0.0648167,0.362001
0.0648333,1.21248
0.06485,0.785062
0.0648667,0.362001
0.0648833,-1.55268
0.0649,0.505929
0.0649167,1.05547
0.0649333,-0.0218073
0.06495,0.833038
0.0649667,1.34769
0.0649833,0.143928
0.065,0.0523375
0.0650167,-0.283495
0.0650333,1.12962
0.06505,-0.187543
0.0650667,-0.117759
0.0650833,1.77075
0.0651,-0.588796
0.0651167,0.680387
0.0651333,1.1994
0.06515,0.47976
0.0651667,-0.283495
0.0651833,0.47976
0.0652,0.780701
0.0652167,0.0348916
0.0652333,0.654218
0.06525,1.50034
0.0652667,-0.575712
0.0652833,0.850484
0.0653,1.7315
0.0653167,-1.01622
0.0653333,0.396892
0.06535,0.440507
0.0653667,-1.90159
0.0653833,-0.283495
0.0654,2.01935
0.0654167,1.37822
0.0654333,-1.32588
0.06545,1.52651
0.0654667,1.7882
0.0654833,-1.94957
0.0655,1.22993
0.0655167,3.13153
0.0655333,-0.488483
0.06555,-0.383808
0.0655667,1.79692
0.0655833,1.44364
0.0656,-0.484122
0.0656167,1.90596
0.0656333,0.0697833
0.06565,-0.933352
0.0656667,0.440507
0.0656833,1.10781
0.0657,0.396892
0.0657167,-0.806869
0.0657333,1.29535
0.06575,0.453591
0.0657667,-1.0293
0.0657833,0.588796
0.0658,0.955159
0.0658167,-0.51029
0.0658333,0.911544
0.06585,0.27041
0.0658667,0.963882
0.0658833,1.01622
0.0659,0.292218
0.0659167,-0.152651
0.0659333,1.30844
0.06595,0.536459
0.0659667,-0.606242
0.0659833,1.01622
0.066,0.296579
0.0660167,0.117759
0.0660333,1.11653
0.06605,1.71841
0.0660667,0.545182
0.0660833,0.475399
0.0661,0.444868
0.0661167,0.99005
0.0661333,0.292218
0.06615,1.43056
0.0661667,1.30844
0.0661833,0.283495
0.0662,0.920267
0.0662167,-0.17882
0.0662333,2.01935
0.06625,1.79692
0.0662667,-0.0610604
0.0662833,0.279133
0.0663,1.49162
0.0663167,0.409977
0.0663333,-0.0915906
0.06635,1.15142
0.0663667,0.837399
0.0663833,-0.68911
0.0664,2.13275
0.0664167,1.97138
0.0664333,0.0523375
0.06645,-0.623688
0.0664667,1.20376
0.0664833,0.920267
0.0665,-0.614965
0.0665167,0.933352
0.0665333,1.36514
0.06655,0.318386
0.0665667,-0.636773
0.0665833,0.593158
0.0666,1.87543
0.0666167,0.183181
0.0666333,-0.370724
0.06665,0.462314
0.0666667,0.566989
0.0666833,-0.889737
0.0667,0.676026
0.0667167,1.448
0.0667333,-0.667303
0.06675,0.86793
0.0667667,1.28227
0.0667833,1.3695
0.0668,-0.54082
0.0668167,1.63991
0.0668333,3.23184
0.06685,-1.38694
0.0668667,0.671664
0.0668833,2.31157
0.0669,-0.654218
0.0669167,-0.0305302
0.0669333,1.68352
0.06695,-0.100313
0.0669667,-1.25174
0.0669833,1.29971
0.067,0.894098
0.0670167,-0.62805
0.0670333,1.56576
0.06705,1.58757
0.0670667,-0.876653
0.0670833,1.13398
0.0671,1.8667
0.0671167,-0.401254
0.0671333,0.279133
0.06715,1.07728
0.0671667,-0.702194
0.0671833,-0.614965
0.0672,1.94085
0.0672167,0.588796
0.0672333,-1.57449
0.06725,1.45673
0.0672667,0.819954
0.0672833,-0.514652
0.0673,0.780701
0.0673167,2.5689
0.0673333,-0.148289
0.06735,-0.0566989
0.0673667,2.3421
0.0673833,0.252964
0.0674,-1.21248
0.0674167,0.998773
0.0674333,1.46109
0.06745,-0.357639
0.0674667,0.994412
0.0674833,2.80442
0.0675,0.0523375
0.0675167,1.21248
0.0675333,1.79692
0.06755,-0.942074
0.0675667,-0.261687
0.0675833,2.67357
0.0676,0.357639
0.0676167,-0.963882
0.0676333,1.29535
0.06765,1.41311
0.0676667,-1.51779
0.0676833,1.35641
0.0677,1.7882
0.0677167,-1.06856
0.0677333,1.07292
0.06775,0.776339
0.0677667,-0.771978
0.0677833,0.811231
0.0678,2.16328
0.0678167,0.143928
0.0678333,0.392531
0.06785,1.69661
0.0678667,-0.894098
0.0678833,0.553905
0.0679,2.06297
0.0679167,-0.789423
0.0679333,1.67044
0.06795,1.1994
0.0679667,0.484122
0.0679833,1.83181
0.068,0.920267
0.0680167,1.35641
0.0680333,-0.924629
0.06805,0.095952
0.0680667,1.97574
0.0680833,-0.741447
0.0681,1.0642
0.0681167,1.89723
0.0681333,1.13834
0.06815,-0.191904
0.0681667,1.24301
0.0681833,-0.104675
0.0682,-1.12962
0.0682167,-0.327109
0.0682333,1.94957
0.06825,-1.22121
0.0682667,0.946436
0.0682833,1.70969
0.0683,-0.309663
0.0683167,0.30094
0.0683333,1.97574
0.06835,0.833038
0.0683667,0.196266
0.0683833,1.74022
0.0684,1.80564
0.0684167,-0.523375
0.0684333,0.601881
0.06845,1.67044
0.0684667,0.86793
0.0684833,-1.35641
0.0685,0.641134
0.0685167,0.335832
0.0685333,0.453591
0.06855,-0.780701
0.0685667,1.1994
0.0685833,0.780701
0.0686,-1.12962
0.0686167,1.71405
0.0686333,1.93212
0.06865,0.601881
0.0686667,1.12526
0.0686833,1.3913
0.0687,0.466676
0.0687167,0.606242
0.0687333,1.38258
0.06875,-0.815592
0.0687667,0.187543
0.0687833,1.4262
0.0688,0.292218
0.0688167,0.318386
0.0688333,0.187543
0.06885,0.697833
0.0688667,-0.379447
0.0688833,-0.484122
0.0689,2.36827
0.0689167,-1.97574
0.0689333,-0.370724
0.06895,0.911544
0.0689667,-0.457953
0.0689833,-0.222434
0.069,0.0610604
0.0690167,0.819954
0.0690333,-0.785062
0.06905,0.911544
0.0690667,1.94957
0.0690833,-1.0642
0.0691,-0.0785062
0.0691167,1.96702
0.0691333,0.148289
0.06915,0.340194
0.0691667,0.745809
0.0691833,-0.00436146
0.0692,-0.75017
0.0692167,1.67916
0.0692333,1.07728
0.06925,0.0348916
0.0692667,0.335832
0.0692833,1.8449
0.0693,0.671664
0.0693167,1.6181
0.0693333,0.248603
0.06935,0.104675
0.0693667,-0.0348916
0.0693833,1.15142
0.0694,0.170097
0.0694167,-0.558266
0.0694333,0.588796
0.06945,0.741447
0.0694667,-0.833038
0.0694833,1.44364
0.0695,0.348916
0.0695167,0.244242
0.0695333,-0.379447
0.06955,1.55268
0.0695667,-0.375085
0.0695833,1.0075
0.0696,0.305302
0.0696167,0.409977
0.0696333,0.0218073
0.06965,1.26482
0.0696667,0.86793
0.0696833,0.86793
0.0697,0.54082
0.0697167,1.43492
0.0697333,-0.353278
0.06975,1.84926
0.0697667,1.24738
0.0697833,-1.12089
0.0698,1.99755
0.0698167,1.43056
0.0698333,-1.07728
0.06985,0.283495
0.0698667,1.90596
0.0698833,-0.859207
0.0699,-0.296579
0.0699167,1.92776
0.0699333,2.13711
0.06995,-0.440507
0.0699667,0.815592
0.0699833,1.76639
0.07,-0.266049
0.0700167,1.56576
0.0700333,1.43928
0.07005,0.104675
0.0700667,-0.693471
0.0700833,1.82309
0.0701,0.62805
0.0701167,-0.95952
0.0701333,1.30408
0.07015,1.80564
0.0701667,-0.86793
0.0701833,0.872291
0.0702,1.57449
0.0702167,-0.436146
0.0702333,-0.0697833
0.07025,1.19504
0.0702667,1.1994
0.0702833,-1.30844
0.0703,0.383808
0.0703167,1.73586
0.0703333,-1.16887
0.07035,-0.693471
0.0703667,0.994412
0.0703833,0.218073
0.0704,-0.423061
0.0704167,1.08164
0.0704333,0.881014
0.07045,0.340194
0.0704667,-0.047976
0.0704833,0.985689
0.0705,0.436146
0.0705167,0.44923
0.0705333,0.375085
0.07055,0.798146
0.0705667,0.737086
0.0705833,0.457953
0.0706,0.139567
0.0706167,1.20376
0.0706333,0.0174458
0.07065,0.985689
0.0706667,-0.113398
0.0706833,0.562628
0.0707,1.4262
0.0707167,0.318386
0.0707333,0.667303
0.07075,1.8449
0.0707667,1.77511
0.0707833,0.471037
0.0708,1.28663
0.0708167,1.20376
0.0708333,1.05111
0.07085,-0.972605
0.0708667,0.047976
0.0708833,0.357639
0.0709,0.226796
0.0709167,0.854845
0.0709333,1.10345
0.07095,1.09036
0.0709667,-0.122121
0.0709833,1.09473
0.071,0.710917
0.0710167,1.12089
0.0710333,0.405615
0.07105,0.283495
0.0710667,0.231157
0.0710833,0
0.0711,1.55268
0.0711167,0.667303
0.0711333,1.01186
0.07115,-0.0523375
0.0711667,2.49039
0.0711833,0.204988
0.0712,-0.222434
0.0712167,0.0130844
0.0712333,0.933352
0.07125,0.344555
0.0712667,1.1994
0.0712833,0.405615
0.0713,-0.38817
0.0713167,-0.610604
0.0713333,2.21998
0.07135,0.859207
0.0713667,0.261687
0.0713833,0.789423
0.0714,1.88851
0.0714167,-0.165735
0.0714333,-0.266049
0.07145,1.02494
0.0714667,0.588796
0.0714833,-0.00436146
0.0715,1.35205
0.0715167,0.732725
0.0715333,-0.671664
0.07155,1.29535
0.0715667,-0.122121
0.0715833,0.514652
0.0716,1.5047
0.0716167,0.152651
0.0716333,-0.431784
0.07165,0.597519
0.0716667,-0.283495
0.0716833,-0.833038
0.0717,0.20935
0.0717167,2.35519
0.0717333,-1.24738
0.07175,-1.11217
0.0717667,2.29413
0.0717833,1.48726
0.0718,-2.13711
0.0718167,0.885375
0.0718333,1.37822
0.07185,-0.780701
0.0718667,0.165735
0.0718833,2.81314
0.0719,-1.54832
0.0719167,-1.87106
0.0719333,2.6474
0.07195,0.815592
0.0719667,-2.2069
0.0719833,2.14584
0.072,2.11531
0.0720167,-1.22557
0.0720333,-0.109036
0.07205,1.00313
0.0720667,-1.88415
0.0720833,0.204988
0.0721,0.619327
0.0721167,-0.314025
0.0721333,-0.113398
0.07215,0.811231
0.0721667,0.0654218
0.0721833,-0.401254
0.0722,1.26918
0.0722167,0.728363
0.0722333,-0.597519
0.07225,0.401254
0.0722667,1.54832
0.0722833,1.51343
0.0723,-0.379447
0.0723167,-0.357639
0.0723333,1.34333
0.07235,-1.07292
0.0723667,1.05983
0.0723833,0.427423
0.0724,-0.274772
0.0724167,-0.135205
0.0724333,0.641134
0.07245,1.21248
0.0724667,-0.466676
0.0724833,0.218073
0.0725,-0.261687
0.0725167,0.99005
0.0725333,2.11094
0.07255,0.466676
0.0725667,0.754532
0.0725833,1.09909
0.0726,-0.553905
0.0726167,0.283495
0.0726333,2.08041
0.07265,-0.222434
0.0726667,-1.12089
0.0726833,2.45986
0.0727,0.396892
0.0727167,-0.196266
0.0727333,2.30285
0.07275,0.588796
0.0727667,-0.802508
0.0727833,0.981328
0.0728,0.811231
0.0728167,-1.23429
0.0728333,1.41747
0.07285,1.16451
0.0728667,0.322748
0.0728833,-1.01622
0.0729,2.45986
0.0729167,0.0218073
0.0729333,-0.706556
0.07295,1.22121
0.0729667,1.97574
0.0729833,-0.51029
0.073,1.62682
0.0730167,2.31593
0.0730333,0.492844
0.07305,0.370724
0.0730667,0.907183
0.0730833,1.35641
0.0731,0.257326
0.0731167,-0.30094
0.0731333,2.05861
0.07315,-0.484122
0.0731667,-0.0654218
0.0731833,0.676026
0.0732,1.96266
0.0732167,-0.30094
0.0732333,1.09473
0.07325,1.04675
0.0732667,-0.327109
0.0732833,0.828677
0.0733,-0.00872291
0.0733167,1.29099
0.0733333,0.44923
0.07335,0.296579
0.0733667,2.48167
0.0733833,-0.580074
0.0734,-0.187543
0.0734167,0.89846
0.0734333,-0.340194
0.07345,-0.379447
0.0734667,1.05547
0.0734833,1.28663
0.0735,-1.14706
0.0735167,1.06856
0.0735333,1.39567
0.07355,-0.183181
0.0735667,1.10345
0.0735833,0.702194
0.0736,-0.17882
0.0736167,1.40875
0.0736333,1.05983
0.07365,-0.261687
0.0736667,-0.213711
0.0736833,2.04988
0.0737,0.580074
0.0737167,0.366362
0.0737333,1.94957
0.07375,0.514652
0.0737667,0.00436146
0.0737833,0.859207
0.0738,1.41747
0.0738167,0.379447
0.0738333,-0.183181
0.07385,0.75017
0.0738667,0.833038
0.0738833,-0.597519
0.0739,0.527736
0.0739167,0.283495
0.0739333,-1.18195
0.07395,2.65613
0.0739667,0.645495
0.0739833,-1.01186
0.074,1.91904
0.0740167,0.488483
0.0740333,0.226796
0.07405,0.287856
0.0740667,0.274772
0.0740833,0.981328
0.0741,0.645495
0.0741167,0.968243
0.0741333,1.24738
0.07415,-0.785062
0.0741667,1.63555
0.0741833,1.30408
0.0742,-0.819954
0.0742167,1.0293
0.0742333,1.09036
0.07425,-0.641134
0.0742667,0.0130844
0.0742833,1.65299
0.0743,0.231157
0.0743167,0.846122
0.0743333,0.911544
0.07435,0.601881
0.0743667,-0.676026
0.0743833,1.26918
0.0744,1.8667
0.0744167,-0.741447
0.0744333,0.601881
0.07445,1.87543
0.0744667,-0.0523375
0.0744833,0.532098
0.0745,1.52651
0.0745167,0.366362
0.0745333,1.47417
0.07455,1.43928
0.0745667,-0.396892
0.0745833,1.33024
0.0746,1.43492
0.0746167,-0.396892
0.0746333,0.453591
0.07465,1.22557
0.0746667,-1.10781
0.0746833,-0.562628
0.0747,2.32029
0.0747167,0.117759
0.0747333,-1.38258
0.07475,1.95393
0.0747667,1.41747
0.0747833,-1.09909
0.0748,-0.327109
0.0748167,3.26237
0.0748333,-1.47417
0.07485,-0.566989
0.0748667,2.94834
0.0748833,0.30094
0.0749,-1.12962
0.0749167,1.90596
0.0749333,0.362001
0.07495,-0.571351
0.0749667,0.998773
0.0749833,0.409977
0.075,-1.14706
0.0750167,-0.942074
0.0750333,1.3695
0.07505,-0.183181
0.0750667,0.226796
0.0750833,1.64427
0.0751,-0.423061
0.0751167,0.191904
0.0751333,0.161374
0.07515,-0.27041
0.0751667,0.200627
0.0751833,1.26482
0.0752,1.5614
0.0752167,0.0305302
0.0752333,1.086
0.07525,2.39444
0.0752667,0.976966
0.0752833,1.03366
0.0753,1.09036
0.0753167,0.894098
0.0753333,0.261687
0.07535,0.292218
0.0753667,1.29971
0.0753833,0.484122
0.0754,0.614965
0.0754167,1.6748
0.0754333,-0.122121
0.07545,0.20935
0.0754667,1.43056
0.0754833,0.414338
0.0755,1.00313
0.0755167,1.30408
0.0755333,0.126482
0.07555,0.706556
0.0755667,2.2069
0.0755833,-0.453591
0.0756,0.44923
0.0756167,1.74458
0.0756333,-0.261687
0.07565,-0.562628
0.0756667,1.47853
0.0756833,0.610604
0.0757,-0.894098
0.0757167,-0.0610604
0.0757333,0.963882
0.07575,-0.632411
0.0757667,1.94085
0.0757833,1.34333
0.0758,0.536459
0.0758167,-0.745809
0.0758333,1.10345
0.07585,1.09036
0.0758667,1.09473
0.0758833,0.584435
0.0759,1.69661
0.0759167,0.047976
0.0759333,0.728363
0.07595,0.0130844
0.0759667,0.519013
0.0759833,0.414338
0.076,1.66171
0.0760167,1.43056
0.0760333,-0.204988
0.07605,-0.44923
0.0760667,0.946436
0.0760833,-0.213711
0.0761,0.488483
0.0761167,0.671664
0.0761333,0.292218
0.07615,-0.0348916
0.0761667,1.90159
0.0761833,1.80128
0.0762,-0.161374
0.0762167,1.34769
0.0762333,2.5907
0.07625,-1.4262
0.0762667,-0.340194
0.0762833,1.43056
0.0763,-1.47417
0.0763167,0.436146
0.0763333,1.60502
0.07635,-1.01622
0.0763667,-0.71964
0.0763833,0.924629
0.0764,1.35205
0.0764167,0.501567
0.0764333,1.24738
0.07645,1.59629
0.0764667,0.362001
0.0764833,0.274772
0.0765,1.45673
0.0765167,0.20935
0.0765333,0.972605
0.07655,1.10781
0.0765667,0.654218
0.0765833,0.837399
0.0766,1.13834
0.0766167,-0.383808
0.0766333,0.226796
0.07665,0.623688
0.0766667,0.283495
0.0766833,-0.44923
0.0767,0.702194
0.0767167,1.36514
0.0767333,0.955159
0.07675,-0.340194
0.0767667,-0.157012
0.0767833,0.375085
0.0768,0.0261687
0.0768167,0.488483
0.0768333,2.39444
0.07685,0.610604
0.0768667,-1.46981
0.0768833,1.86234
0.0769,0.309663
0.0769167,-0.327109
0.0769333,1.57012
0.07695,0.671664
0.0769667,0.00872291
0.0769833,1.60938
0.077,-0.20935
0.0770167,0.75017
0.0770333,0.610604
0.07705,1.22557
0.0770667,1.07728
0.0770833,0.549543
0.0771,0.047976
0.0771167,0.466676
0.0771333,0.366362
0.07715,1.26482
0.0771667,0.662941
0.0771833,0
0.0772,1.20812
0.0772167,-0.174458
0.0772333,-0.902821
0.07725,0.457953
0.0772667,0.654218
0.0772833,0.104675
0.0773,-0.23988
0.0773167,1.13834
0.0773333,-0.623688
0.07735,0.793785
0.0773667,0.571351
0.0773833,0.17882
0.0774,0.152651
0.0774167,0.331471
0.0774333,0.798146
0.07745,-0.423061
0.0774667,1.20376
0.0774833,0.946436
0.0775,-0.200627
0.0775167,-1.22121
0.0775333,1.49162
0.07755,1.09473
0.0775667,1.28227
0.0775833,0.266049
0.0776,2.0368
0.0776167,-0.283495
0.0776333,0.501567
0.07765,0.484122
0.0776667,0.401254
0.0776833,-0.100313
0.0777,0.732725
0.0777167,0.833038
0.0777333,0.767616
0.07775,1.00313
0.0777667,0.619327
0.0777833,1.74022
0.0778,-0.226796
0.0778167,-0.109036
0.0778333,1.21685
0.07785,1.34769
0.0778667,1.26482
0.0778833,-1.04675
0.0779,1.68352
0.0779167,0.427423
0.0779333,-0.296579
0.07795,0.623688
0.0779667,1.53959
0.0779833,0.558266
0.078,0.492844
0.0780167,-0.139567
0.0780333,0.863568
0.07805,0.0610604
0.0780667,-0.745809
0.0780833,1.92776
0.0781,-1.02494
0.0781167,-0.292218
0.0781333,2.22434
0.07815,1.34769
0.0781667,-2.18509
0.0781833,0.126482
0.0782,1.84053
0.0782167,0.348916
0.0782333,0.0523375
0.07825,1.39567
0.0782667,0.505929
0.0782833,0.287856
0.0783,0.488483
0.0783167,1.41747
0.0783333,0.196266
0.07835,-0.457953
0.0783667,1.16015
0.0783833,0.191904
0.0784,0.758893
0.0784167,-0.231157
0.0784333,1.22993
0.07845,1.30844
0.0784667,0.972605
0.0784833,1.12526
0.0785,0.610604
0.0785167,1.25174
0.0785333,0.942074
0.07855,-0.305302
0.0785667,0.174458
0.0785833,1.09909
0.0786,0.261687
0.0786167,-0.601881
0.0786333,0.972605
0.07865,0.475399
0.0786667,0.231157
0.0786833,1.64863
0.0787,0.423061
0.0787167,0.414338
0.0787333,1.29971
0.07875,0.680387
0.0787667,-1.18195
0.0787833,0.51029
0.0788,1.24301
0.0788167,-0.261687
0.0788333,-0.737086
0.07885,1.85798
0.0788667,0.235519
0.0788833,1.03366
0.0789,1.50034
0.0789167,-0.204988
0.0789333,-1.55268
0.07895,1.43056
0.0789667,2.23743
0.0789833,-0.771978
0.079,0.588796
0.0790167,1.03366
0.0790333,-1.07728
0.07905,-0.226796
0.0790667,2.69538
0.0790833,0.191904
0.0791,0.654218
0.0791167,2.71719
0.0791333,0.488483
0.07915,-0.920267
0.0791667,0.881014
0.0791833,0.287856
0.0792,-1.58757
0.0792167,0.732725
0.0792333,0.771978
0.07925,-0.588796
0.0792667,0.095952
0.0792833,1.68352
0.0793,-0.366362
0.0793167,0.641134
0.0793333,1.60502
0.07935,-1.50906
0.0793667,0.414338
0.0793833,1.33461
0.0794,0.671664
0.0794167,0.392531
0.0794333,1.29971
0.07945,0.457953
0.0794667,1.01622
0.0794833,0.575712
0.0795,1.9801
0.0795167,0.776339
0.0795333,-0.148289
0.07955,0.51029
0.0795667,0.728363
0.0795833,0.0174458
0.0796,2.14584
0.0796167,0.549543
0.0796333,0.654218
0.07965,-0.667303
0.0796667,1.55268
0.0796833,-0.0566989
0.0797,-0.597519
0.0797167,0.549543
0.0797333,-0.0915906
0.07975,0.187543
0.0797667,2.97887
0.0797833,2.00191
0.0798,-0.218073
0.0798167,0.872291
0.0798333,0.876653
0.07985,-0.62805
0.0798667,2.15456
0.0798833,2.31157
0.0799,-0.693471
0.0799167,0.623688
0.0799333,0.976966
0.07995,0.497206
0.0799667,1.56576
0.0799833,1.32588
0.08,0.38817
0.0800167,0.161374
0.0800333,2.15456
0.08005,2.04988
0.0800667,-0.440507
0.0800833,1.80128
0.0801,0.994412
0.0801167,-0.427423
0.0801333,0.75017
0.08015,1.39567
0.0801667,0.362001
0.0801833,0.0130844
0.0802,0.933352
0.0802167,-0.296579
0.0802333,-0.00436146
0.08025,1.76203
0.0802667,0.475399
0.0802833,0.850484
0.0803,0.593158
0.0803167,1.12089
0.0803333,0.732725
0.08035,-0.244242
0.0803667,2.65177
0.0803833,0.257326
0.0804,0.785062
0.0804167,1.30844
0.0804333,-0.872291
0.08045,0.126482
0.0804667,1.35641
0.0804833,-0.231157
0.0805,-1.55704
0.0805167,1.85798
0.0805333,3.14897
0.08055,-0.876653
0.0805667,0.353278
0.0805833,1.96266
0.0806,-0.0610604
0.0806167,0.693471
0.0806333,3.1228
0.08065,-0.545182
0.0806667,-0.519013
0.0806833,1.80564
0.0807,2.14147
0.0807167,-1.55704
0.0807333,0.244242
0.08075,1.34333
0.0807667,-0.0218073
0.0807833,0.985689
0.0808,0.915906
0.0808167,0.340194
0.0808333,0.645495
0.08085,2.0368
0.0808667,0.0523375
0.0808833,-0.758893
0.0809,-0.100313
0.0809167,1.11653
0.0809333,-0.950797
0.08095,1.54396
0.0809667,0.0348916
0.0809833,0.780701
0.081,0.680387
0.0810167,1.59629
0.0810333,1.22557
0.08105,-0.824315
0.0810667,2.14147
0.0810833,0.471037
0.0811,-0.170097
0.0811167,0.414338
0.0811333,1.12962
0.08115,1.38258
0.0811667,0.183181
0.0811833,1.12962
0.0812,-0.942074
0.0812167,-0.252964
0.0812333,0.130844
0.08125,0.75017
0.0812667,1.08164
0.0812833,0.575712
0.0813,0.165735
0.0813167,-0.0305302
0.0813333,1.77511
0.08135,0.575712
0.0813667,-0.850484
0.0813833,2.2636
0.0814,0.806869
0.0814167,-0.283495
0.0814333,1.16015
0.08145,1.23429
0.0814667,-1.08164
0.0814833,-0.200627
0.0815,1.26482
0.0815167,1.086
0.0815333,-0.20935
0.08155,1.12526
0.0815667,0.466676
0.0815833,-1.34769
0.0816,1.00313
0.0816167,1.16887
0.0816333,-0.135205
0.08165,-0.226796
0.0816667,1.59193
0.0816833,0.148289
0.0817,0.523375
0.0817167,0.737086
0.0817333,1.3128
0.08175,0.0218073
0.0817667,1.82309
0.0817833,0.985689
0.0818,-0.575712
0.0818167,1.60502
0.0818333,1.50034
0.08185,0.488483
0.0818667,0.636773
0.0818833,1.74458
0.0819,-0.0566989
0.0819167,-0.0348916
0.0819333,1.1427
0.08195,1.15142
0.0819667,0.54082
0.0819833,1.11217
0.082,-0.0828677
0.0820167,-0.606242
0.0820333,0.318386
0.08205,-0.30094
0.0820667,0.318386
0.0820833,0.815592
0.0821,2.47731
0.0821167,-0.30094
0.0821333,0.0566989
0.08215,1.10345
0.0821667,-0.824315
0.0821833,-0.0174458
0.0822,1.42183
0.0822167,-0.0218073
0.0822333,0.575712
0.08225,0.100313
0.0822667,1.5614
0.0822833,-0.894098
0.0823,0.117759
0.0823167,1.79256
0.0823333,0.183181
0.08235,0.915906
0.0823667,0.619327
0.0823833,1.68788
0.0824,-1.0075
0.0824167,0.514652
0.0824333,1.93649
0.08245,0.187543
0.0824667,-0.00436146
0.0824833,1.05111
0.0825,1.77511
0.0825167,1.14706
0.0825333,1.41311
0.08255,0.0741447
0.0825667,0.109036
0.0825833,0.549543
0.0826,0.135205
0.0826167,-0.00436146
0.0826333,0.130844
0.08265,0.318386
0.0826667,-0.571351
0.0826833,-0.248603
0.0827,1.99319
0.0827167,0.405615
0.0827333,-0.571351
0.08275,1.01186
0.0827667,0.632411
0.0827833,-0.170097
0.0828,1.70097
0.0828167,1.5614
0.0828333,-0.187543
0.08285,1.54396
0.0828667,0.104675
0.0828833,1.55704
0.0829,1.36514
0.0829167,0.981328
0.0829333,-0.457953
0.08295,1.10781
0.0829667,1.46981
0.0829833,-0.606242
0.083,-0.431784
0.0830167,1.38694
0.0830333,-0.828677
0.08305,-0.562628
0.0830667,2.37699
0.0830833,0.645495
0.0831,-1.46545
0.0831167,1.35641
0.0831333,1.33897
0.08315,-0.981328
0.0831667,0.257326
0.0831833,1.96702
0.0832,-0.226796
0.0832167,-0.222434
0.0832333,1.21248
0.08325,1.00313
0.0832667,-1.06856
0.0832833,1.39567
0.0833,1.01186
0.0833167,0.100313
0.0833333,0.109036
0.08335,1.63991
0.0833667,-0.915906
0.0833833,0.226796
0.0834,1.80564
0.0834167,0.366362
0.0834333,-0.252964
0.08345,1.36077
0.0834667,1.37822
0.0834833,-0.662941
0.0835,1.448
0.0835167,2.74772
0.0835333,-0.527736
0.08355,1.086
0.0835667,2.16764
0.0835833,0.0785062
0.0836,-0.571351
0.0836167,2.8742
0.0836333,0.532098
0.08365,0.619327
0.0836667,1.02058
0.0836833,1.24738
0.0837,-1.50906
0.0837167,1.62682
0.0837333,0.850484
0.08375,-0.314025
0.0837667,0.702194
0.0837833,1.40439
0.0838,1.15579
0.0838167,0.362001
0.0838333,0.815592
0.08385,1.17759
0.0838667,-1.22557
0.0838833,-0.0523375
0.0839,1.75767
0.0839167,0.697833
0.0839333,0.00436146
0.08395,0.89846
0.0839667,1.0075
0.0839833,0.47976
0.084,-0.252964
0.0840167,0.619327
0.0840333,0.606242
0.08405,1.20376
0.0840667,1.61374
0.0840833,0.157012
0.0841,0.915906
0.0841167,1.70533
0.0841333,0.183181
0.08415,0.266049
0.0841667,1.05111
0.0841833,0.876653
0.0842,-0.440507
0.0842167,1.18632
0.0842333,-0.213711
0.08425,0.972605
0.0842667,1.51779
0.0842833,0.553905
0.0843,-1.37822
0.0843167,2.00627
0.0843333,0.047976
0.08435,-0.623688
0.0843667,-0.196266
0.0843833,1.46545
0.0844,-0.911544
0.0844167,0.549543
0.0844333,1.32152
0.08445,-0.501567
0.0844667,-0.0261687
0.0844833,1.46981
0.0845,-0.309663
0.0845167,0.806869
0.0845333,1.55704
0.08455,0.340194
0.0845667,-0.44923
0.0845833,1.03366
0.0846,2.12839
0.0846167,0.231157
0.0846333,0.0654218
0.08465,-0.0392531
0.0846667,-0.645495
0.0846833,0.641134
0.0847,-0.117759
0.0847167,-1.086
0.0847333,2.04552
0.08475,1.74458
0.0847667,0.231157
0.0847833,-0.414338
0.0848,1.87543
0.0848167,0.994412
0.0848333,0.776339
0.08485,1.01186
0.0848667,0.763255
0.0848833,0.314025
0.0849,-0.0130844
0.0849167,0.854845
0.0849333,1.29099
0.08495,-0.213711
0.0849667,-0.375085
0.0849833,1.35641
0.085,0.601881
0.0850167,-0.0348916
0.0850333,0.51029
0.08505,1.40003
0.0850667,0.876653
0.0850833,0.44923
0.0851,0.54082
0.0851167,-0.170097
0.0851333,0.309663
0.08515,0.597519
0.0851667,1.47417
0.0851833,0.335832
0.0852,-0.135205
0.0852167,1.086
0.0852333,0.641134
0.08525,0.348916
0.0852667,1.23865
0.0852833,-0.484122
0.0853,-0.0436146
0.0853167,1.10781
0.0853333,0.38817
0.08535,-0.00872291
0.0853667,0.942074
0.0853833,0.0218073
0.0854,-0.287856
0.0854167,1.01186
0.0854333,2.33338
0.08545,-0.0523375
0.0854667,0.728363
0.0854833,1.87106
0.0855,0.946436
0.0855167,-0.0697833
0.0855333,1.01186
0.08555,1.02058
0.0855667,-1.13834
0.0855833,0.924629
0.0856,-0.0392531
0.0856167,0.0174458
0.0856333,0.279133
0.08565,-1.91468
0.0856667,0.946436
0.0856833,-0.30094
0.0857,0.584435
0.0857167,1.06856
0.0857333,0.4187
0.08575,1.46109
0.0857667,0.789423
0.0857833,1.27355
0.0858,1.11217
0.0858167,1.38694
0.0858333,0.697833
0.08585,0.907183
0.0858667,0.488483
0.0858833,0.152651
0.0859,-0.0741447
0.0859167,1.60065
0.0859333,1.26918
0.08595,2.47731
0.0859667,-0.71964
0.0859833,1.26918
0.086,-0.444868
0.0860167,0.732725
0.0860333,-0.514652
0.08605,0.523375
0.0860667,0.737086
0.0860833,0.75017
0.0861,1.18632
0.0861167,1.61374
0.0861333,1.27355
0.08615,-0.566989
0.0861667,0.955159
0.0861833,0.549543
0.0862,-0.985689
0.0862167,1.27791
0.0862333,0.89846
0.08625,-0.309663
0.0862667,1.06856
0.0862833,0.409977
0.0863,0.200627
0.0863167,-0.571351
0.0863333,1.12526
0.08635,0.54082
0.0863667,-0.274772
0.0863833,0.619327
0.0864,1.24738
0.0864167,0.68911
0.0864333,1.3128
0.08645,1.07292
0.0864667,0.902821
0.0864833,-1.28227
0.0865,0.824315
0.0865167,1.51779
0.0865333,1.29971
0.08655,0.745809
0.0865667,0.737086
0.0865833,2.03244
0.0866,-0.113398
0.0866167,1.46109
0.0866333,1.77511
0.08665,-1.28663
0.0866667,0.833038
0.0866833,2.60815
0.0867,-0.519013
0.0867167,1.21685
0.0867333,1.87543
0.08675,0.431784
0.0867667,0.296579
0.0867833,1.51343
0.0868,0.976966
0.0868167,-0.505929
0.0868333,1.46545
0.08685,1.7882
0.0868667,-0.244242
0.0868833,0.684749
0.0869,1.89723
0.0869167,-1.37822
0.0869333,0.431784
0.08695,2.50348
0.0869667,-0.213711
0.0869833,-1.4262
0.087,2.89165
0.0870167,0.157012
0.0870333,-1.30844
0.08705,1.70533
0.0870667,0.30094
0.0870833,-0.348916
0.0871,1.15142
0.0871167,2.26796
0.0871333,0.0654218
0.08715,0.148289
0.0871667,1.31716
0.0871833,0.27041
0.0872,-0.0130844
0.0872167,0.881014
0.0872333,0.588796
0.08725,-0.405615
0.0872667,0.292218
0.0872833,1.16015
0.0873,0.170097
0.0873167,1.32588
0.0873333,0.662941
0.08735,1.4262
0.0873667,-0.667303
0.0873833,2.10658
0.0874,1.02494
0.0874167,0.0348916
0.0874333,1.59193
0.08745,0.676026
0.0874667,-0.322748
0.0874833,1.0075
0.0875,0.715279
0.0875167,-0.562628
0.0875333,-0.457953
0.08755,1.12089
0.0875667,0.427423
0.0875833,-0.226796
0.0876,1.38258
0.0876167,-0.62805
0.0876333,1.11653
0.08765,0.0697833
0.0876667,0.261687
0.0876833,0.785062
0.0877,1.74894
0.0877167,-0.27041
0.0877333,-0.440507
0.08775,0.684749
0.0877667,2.15456
0.0877833,-1.0293
0.0878,1.33897
0.0878167,1.75767
0.0878333,-2.05861
0.08785,1.07728
0.0878667,0.741447
0.0878833,-0.38817
0.0879,0.047976
0.0879167,0.71964
0.0879333,1.41311
0.08795,0.113398
0.0879667,1.48726
0.0879833,-0.601881
0.088,0.566989
0.0880167,2.24615
0.0880333,-0.859207
0.08805,0.667303
0.0880667,1.21685
0.0880833,-0.047976
0.0881,0.614965
0.0881167,1.48289
0.0881333,0.92899
0.08815,-0.414338
0.0881667,-0.38817
0.0881833,2.47295
0.0882,0.292218
0.0882167,0.0261687
0.0882333,1.77075
0.08825,0.732725
0.0882667,-0.370724
0.0882833,0.213711
0.0883,1.49598
0.0883167,-0.135205
0.0883333,-0.850484
0.08835,2.13275
0.0883667,1.22993
0.0883833,0.0566989
0.0884,0.392531
0.0884167,1.89723
0.0884333,0.0785062
0.08845,-0.942074
0.0884667,0.776339
0.0884833,-0.104675
0.0885,-0.431784
0.0885167,0.86793
0.0885333,1.22993
0.08855,-0.200627
0.0885667,1.62682
0.0885833,1.24738
0.0886,1.24738
0.0886167,-1.26482
0.0886333,1.53087
0.08865,1.37822
0.0886667,-0.109036
0.0886833,1.62682
0.0887,1.60502
0.0887167,-0.287856
0.0887333,0.776339
0.08875,0.985689
0.0887667,0.523375
0.0887833,-0.0828677
0.0888,1.41311
0.0888167,-0.244242
0.0888333,-0.519013
0.08885,1.95393
0.0888667,0.170097
0.0888833,0.362001
0.0889,0.226796
0.0889167,0.881014
0.0889333,0.623688
0.08895,0.191904
0.0889667,-0.27041
0.0889833,1.16887
0.089,0.671664
0.0890167,1.54832
0.0890333,1.01186
0.08905,1.69224
0.0890667,-0.122121
0.0890833,-0.170097
0.0891,2.31157
0.0891167,0.440507
0.0891333,-0.235519
0.08915,0.75017
0.0891667,1.74022
0.0891833,-0.0654218
0.0892,-0.527736
0.0892167,1.22993
0.0892333,0.370724
0.08925,-0.222434
0.0892667,2.10658
0.0892833,2.55145
0.0893,-0.710917
0.0893167,0.401254
0.0893333,1.65735
0.08935,0.505929
0.0893667,-1.20812
0.0893833,1.53959
0.0894,-0.444868
0.0894167,-0.815592
0.0894333,2.27668
0.08945,2.57762
0.0894667,-1.60065
0.0894833,-0.305302
0.0895,1.36077
0.0895167,-1.87106
0.0895333,1.95829
0.08955,1.60938
0.0895667,-0.161374
0.0895833,-0.872291
0.0896,1.91904
0.0896167,0.584435
0.0896333,-0.157012
0.08965,1.16887
0.0896667,1.12962
0.0896833,-0.514652
0.0897,-0.183181
0.0897167,2.13275
0.0897333,1.37386
0.08975,0.340194
0.0897667,1.63118
0.0897833,1.70969
0.0898,0.161374
0.0898167,0.405615
0.0898333,1.07292
0.08985,-0.767616
0.0898667,0.23988
0.0898833,1.69224
0.0899,0.985689
0.0899167,-0.484122
0.0899333,1.33024
0.08995,-0.335832
0.0899667,1.42183
0.0899833,0.401254
0.09,1.06856
0.0900167,0.292218
0.0900333,1.55704
0.09005,1.53523
0.0900667,0.514652
0.0900833,0.0348916
0.0901,1.41311
0.0901167,-0.501567
0.0901333,0.497206
0.09015,1.6181
0.0901667,-0.309663
0.0901833,1.64427
0.0902,1.09473
0.0902167,0.174458
0.0902333,0.732725
0.09025,0.593158
0.0902667,1.37386
0.0902833,-0.0872291
0.0903,-0.244242
0.0903167,0.776339
0.0903333,1.16451
0.09035,-0.492844
0.0903667,-0.318386
0.0903833,0.680387
0.0904,0.383808
0.0904167,-0.117759
0.0904333,1.54832
0.09045,0.322748
0.0904667,0.0348916
0.0904833,0.824315
0.0905,-0.283495
0.0905167,-0.135205
0.0905333,2.66485
0.09055,0.0828677
0.0905667,-0.161374
0.0905833,2.01499
0.0906,0.104675
0.0906167,-0.292218
0.0906333,1.54832
0.09065,0.161374
0.0906667,0.0523375
0.0906833,1.086
0.0907,1.10781
0.0907167,-0.558266
0.0907333,1.20812
0.09075,0.767616
0.0907667,0.226796
0.0907833,0.614965
0.0908,1.75331
0.0908167,0.854845
0.0908333,1.38694
0.09085,1.26482
0.0908667,1.21685
0.0908833,-0.780701
0.0909,1.77511
0.0909167,0.553905
0.0909333,-0.174458
0.09095,1.74022
0.0909667,0.545182
0.0909833,-0.497206
0.091,1.12089
0.0910167,1.55268
0.0910333,-0.623688
0.09105,0.697833
0.0910667,1.1427
0.0910833,-1.16015
0.0911,-0.872291
0.0911167,2.25923
0.0911333,-0.161374
0.09115,-1.3695
0.0911667,1.08164
0.0911833,1.64863
0.0912,-0.457953
0.0912167,1.65299
0.0912333,1.96702
0.09125,0.457953
0.0912667,0.994412
0.0912833,1.90596
0.0913,0.710917
0.0913167,-0.632411
0.0913333,0.619327
0.09135,1.16015
0.0913667,-0.187543
0.0913833,0.566989
0.0914,0.963882
0.0914167,0.662941
0.0914333,-0.200627
0.09145,0.667303
0.0914667,0.924629
0.0914833,0.257326
0.0915,1.85362
0.0915167,1.29099
0.0915333,-0.859207
0.09155,1.6181
0.0915667,0.710917
0.0915833,0.0348916
0.0916,0.327109
0.0916167,0.811231
0.0916333,-0.562628
0.09165,0.4187
0.0916667,1.448
0.0916833,0.0348916
0.0917,-1.12526
0.0917167,1.17323
0.0917333,-0.423061
0.09175,-0.414338
0.0917667,0.745809
0.0917833,0.619327
0.0918,-0.366362
0.0918167,0.466676
0.0918333,0.492844
0.09185,1.47853
0.0918667,-0.0523375
0.0918833,0.89846
0.0919,2.0368
0.0919167,-0.309663
0.0919333,0.920267
0.09195,0.859207
0.0919667,1.05983
0.0919833,0.488483
0.092,1.27355
0.0920167,0.366362
0.0920333,0.536459
0.09205,0.619327
0.0920667,0.89846
0.0920833,-0.462314
0.0921,0.950797
0.0921167,0.292218
0.0921333,-0.737086
0.09215,2.04552
0.0921667,-0.0610604
0.0921833,0.0523375
0.0922,2.05861
0.0922167,0.676026
0.0922333,0.745809
0.09225,1.58757
0.0922667,0.558266
0.0922833,-0.462314
0.0923,-0.514652
0.0923167,0.174458
0.0923333,0.165735
0.09235,0.859207
0.0923667,1.32588
0.0923833,-1.26482
0.0924,0.575712
0.0924167,-0.523375
0.0924333,-0.519013
0.09245,0.505929
0.0924667,1.05111
0.0924833,0.828677
0.0925,0.266049
0.0925167,0.697833
0.0925333,0.811231
0.09255,1.05547
0.0925667,1.80128
0.0925833,1.49598
0.0926,0.143928
0.0926167,1.12526
0.0926333,-0.0261687
0.09265,0.693471
0.0926667,0.580074
0.0926833,0.894098
0.0927,1.35641
0.0927167,0.706556
0.0927333,0.0610604
0.09275,0.706556
0.0927667,0.785062
0.0927833,1.30408
0.0928,0.122121
0.0928167,0.54082
0.0928333,0.396892
0.09285,0.244242
0.0928667,1.81873
0.0928833,1.0075
0.0929,1.33461
0.0929167,0.0610604
0.0929333,1.17323
0.09295,-0.872291
0.0929667,0.99005
0.0929833,0.100313
0.093,-0.157012
0.0930167,-0.113398
0.0930333,0.86793
0.09305,0.680387
0.0930667,-0.309663
0.0930833,0.218073
0.0931,1.35205
0.0931167,0.383808
0.0931333,0.357639
0.09315,1.47417
0.0931667,0.261687
0.0931833,0.204988
0.0932,1.5047
0.0932167,1.20376
0.0932333,-0.436146
0.09325,0.505929
0.0932667,1.63555
0.0932833,-0.165735
0.0933,0.536459
0.0933167,0.950797
0.0933333,0.654218
0.09335,-0.161374
0.0933667,0.645495
0.0933833,-0.0741447
0.0934,0.117759
0.0934167,0.331471
0.0934333,1.81437
0.09345,0.710917
0.0934667,0.274772
0.0934833,0.0348916
0.0935,1.57449
0.0935167,1.20812
0.0935333,0.610604
0.09355,-0.257326
0.0935667,1.60502
0.0935833,0.457953
0.0936,0.484122
0.0936167,0.811231
0.0936333,1.52651
0.09365,0.00436146
0.0936667,-0.549543
0.0936833,0.440507
0.0937,1.16015
0.0937167,0.362001
0.0937333,0.532098
0.09375,0.671664
0.0937667,1.02058
0.0937833,0.135205
0.0938,0.466676
0.0938167,0.95952
0.0938333,0.907183
0.09385,0.0610604
0.0938667,1.38694
0.0938833,0.0218073
0.0939,0.405615
0.0939167,0.401254
0.0939333,0.876653
0.09395,0.0436146
0.0939667,0.937713
0.0939833,0.798146
0.094,0.366362
0.0940167,0.780701
0.0940333,0.981328
0.09405,-0.457953
0.0940667,0.296579
0.0940833,0.789423
0.0941,0.728363
0.0941167,0.597519
0.0941333,0.963882
0.09415,2.11967
0.0941667,1.26046
0.0941833,0.732725
0.0942,1.85362
0.0942167,-0.549543
0.0942333,0.632411
0.09425,1.96266
0.0942667,0.619327
0.0942833,0.789423
0.0943,0.375085
0.0943167,0.462314
0.0943333,1.22121
0.09435,-0.274772
0.0943667,0.649857
0.0943833,0.776339
0.0944,-0.471037
0.0944167,-0.0828677
0.0944333,1.21685
0.09445,0.484122
0.0944667,0.244242
0.0944833,1.09909
0.0945,1.41311
0.0945167,-0.841761
0.0945333,0.466676
0.09455,2.12403
0.0945667,0.907183
0.0945833,0.327109
0.0946,0.976966
0.0946167,0.715279
0.0946333,0.344555
0.09465,2.10658
0.0946667,0.771978
0.0946833,-0.322748
0.0947,-0.545182
0.0947167,0.872291
0.0947333,1.32588
0.09475,-0.353278
0.0947667,-0.902821
0.0947833,2.73027
0.0948,-0.174458
0.0948167,-0.946436
0.0948333,1.07292
0.09485,1.58321
0.0948667,-0.00436146
0.0948833,1.17759
0.0949,0.566989
0.0949167,-0.213711
0.0949333,1.51779
0.09495,0.881014
0.0949667,0.161374
0.0949833,-0.553905
0.095,1.37386
0.0950167,0.667303
0.0950333,0.697833
0.09505,0.523375
0.0950667,0.859207
0.0950833,0.667303
0.0951,0.745809
0.0951167,1.32152
0.0951333,0.457953
0.09515,1.02058
0.0951667,1.77075
0.0951833,0.366362
0.0952,1.60502
0.0952167,-0.257326
0.0952333,0.117759
0.09525,1.06856
0.0952667,0.466676
0.0952833,0.933352
0.0953,-1.04675
0.0953167,0.632411
0.0953333,1.52215
0.09535,0.68911
0.0953667,0.261687
0.0953833,1.87979
0.0954,0.274772
0.0954167,1.55704
0.0954333,1.8449
0.09545,1.41747
0.0954667,-0.593158
0.0954833,1.04239
0.0955,0.99005
0.0955167,0.392531
0.0955333,0.501567
0.09555,-0.0872291
0.0955667,0.693471
0.0955833,1.54396
0.0956,0.566989
0.0956167,0.501567
0.0956333,0.933352
0.09565,0.75017
0.0956667,0.244242
0.0956833,0.994412
0.0957,1.58757
0.0957167,-0.122121
0.0957333,1.01186
0.09575,0.457953
0.0957667,-0.161374
0.0957833,0.318386
0.0958,1.18195
0.0958167,-0.170097
0.0958333,0.876653
0.09585,1.06856
0.0958667,2.18509
0.0958833,-1.64427
0.0959,-0.00872291
0.0959167,2.33338
0.0959333,-0.924629
0.09595,-1.02058
0.0959667,2.35082
0.0959833,0.427423
0.096,-0.71964
0.0960167,1.89723
0.0960333,1.76203
0.09605,-1.448
0.0960667,0.0741447
0.0960833,0.885375
0.0961,-0.309663
0.0961167,-0.641134
0.0961333,2.36827
0.09615,0.623688
0.0961667,-0.283495
0.0961833,1.20376
0.0962,0.44923
0.0962167,0.187543
0.0962333,2.31157
0.09625,1.37386
0.0962667,-1.68788
0.0962833,2.66049
0.0963,0.828677
0.0963167,-1.06856
0.0963333,2.2069
0.09635,2.73463
0.0963667,-0.54082
0.0963833,-0.523375
0.0964,1.10345
0.0964167,0.226796
0.0964333,-0.117759
0.09645,0.881014
0.0964667,1.43056
0.0964833,-1.32588
0.0965,0.0305302
0.0965167,1.43928
0.0965333,0.157012
0.09655,-0.724002
0.0965667,2.05861
0.0965833,-0.937713
0.0966,-0.0915906
0.0966167,3.04866
0.0966333,-0.196266
0.09665,-0.392531
0.0966667,1.30844
0.0966833,0.54082
0.0967,-0.362001
0.0967167,1.13398
0.0967333,1.16015
0.09675,-0.296579
0.0967667,1.0642
0.0967833,1.38694
0.0968,-1.89723
0.0968167,0.457953
0.0968333,2.06297
0.09685,-1.27791
0.0968667,0.915906
0.0968833,3.08355
0.0969,0.113398
0.0969167,0.780701
0.0969333,1.90596
0.09695,1.90596
0.0969667,-1.44364
0.0969833,1.56576
0.097,1.99319
0.0970167,-0.335832
0.0970333,0.126482
0.09705,1.65299
0.0970667,-0.0610604
0.0970833,1.22121
0.0971,0.937713
0.0971167,0.745809
0.0971333,-0.667303
0.09715,0.684749
0.0971667,1.7882
0.0971833,0.379447
0.0972,-0.51029
0.0972167,1.30844
0.0972333,0.785062
0.09725,0.314025
0.0972667,1.16887
0.0972833,0.0130844
0.0973,0.854845
0.0973167,1.68352
0.0973333,1.17759
0.09735,-0.218073
0.0973667,1.13398
0.0973833,1.73586
0.0974,-0.532098
0.0974167,-0.213711
0.0974333,0.902821
0.09745,0.226796
0.0974667,0.902821
0.0974833,0.38817
0.0975,1.19504
0.0975167,0.872291
0.0975333,1.89723
0.09755,0.806869
0.0975667,0.244242
0.0975833,0.375085
0.0976,0.527736
0.0976167,0.274772
0.0976333,0.924629
0.09765,-0.632411
0.0976667,1.16015
0.0976833,-0.218073
0.0977,0.213711
0.0977167,1.91904
0.0977333,-1.16451
0.09775,0.331471
0.0977667,0.771978
0.0977833,0.811231
0.0978,-0.811231
0.0978167,0.047976
0.0978333,1.03366
0.09785,-0.562628
0.0978667,0.519013
0.0978833,0.885375
0.0979,-0.318386
0.0979167,-0.610604
0.0979333,0.889737
0.09795,0.994412
0.0979667,1.60502
0.0979833,0.431784
0.098,-0.135205
0.0980167,0.47976
0.0980333,0.881014
0.09805,0.261687
0.0980667,0.771978
0.0980833,1.31716
0.0981,0.571351
0.0981167,0.606242
0.0981333,1.10781
0.09815,0.963882
0.0981667,-0.148289
0.0981833,0.183181
0.0982,1.12526
0.0982167,-0.724002
0.0982333,-0.549543
0.09825,1.3913
0.0982667,1.91468
0.0982833,-0.741447
0.0983,0.213711
0.0983167,2.2636
0.0983333,-0.902821
0.09835,-0.553905
0.0983667,2.15892
0.0983833,-0.662941
0.0984,0.850484
0.0984167,1.43056
0.0984333,0.0305302
0.09845,-0.0828677
0.0984667,1.15142
0.0984833,0.737086
0.0985,-0.0741447
0.0985167,1.20376
0.0985333,0.139567
0.09855,0.122121
0.0985667,1.45673
0.0985833,1.448
0.0986,-0.340194
0.0986167,1.90596
0.0986333,0.571351
0.09865,1.36514
0.0986667,-0.27041
0.0986833,2.42933
0.0987,-0.924629
0.0987167,-0.274772
0.0987333,2.49039
0.09875,-0.488483
0.0987667,-0.850484
0.0987833,2.15456
0.0988,2.14584
0.0988167,-1.0075
0.0988333,1.71405
0.09885,1.98446
0.0988667,-0.519013
0.0988833,0.279133
0.0989,1.62246
0.0989167,-0.501567
0.0989333,-0.287856
0.09895,1.58757
0.0989667,-0.122121
0.0989833,-1.3128
0.099,1.52651
0.0990167,1.35641
0.0990333,-0.924629
0.09905,0.65858
0.0990667,1.73586
0.0990833,-0.252964
0.0991,-0.139567
0.0991167,2.23307
0.0991333,0.218073
0.09915,0
0.0991667,0.819954
0.0991833,1.69661
0.0992,-0.287856
0.0992167,0.859207
0.0992333,0.981328
0.09925,1.96702
0.0992667,-0.950797
0.0992833,0.881014
0.0993,1.71841
0.0993167,0.466676
0.0993333,0.427423
0.09935,1.0293
0.0993667,0.484122
0.0993833,0.619327
0.0994,1.09473
0.0994167,0.558266
0.0994333,0.235519
0.09945,0.191904
0.0994667,0.981328
0.0994833,1.13834
0.0995,0.785062
0.0995167,0.745809
0.0995333,1.76639
0.09955,0.549543
0.0995667,-0.117759
0.0995833,1.22557
0.0996,0.872291
0.0996167,-0.985689
0.0996333,-0.0654218
0.09965,1.09909
0.0996667,0.549543
0.0996833,-0.492844
0.0997,1.87543
0.0997167,1.13398
0.0997333,-1.63118
0.09975,0.44923
0.0997667,0.863568
0.0997833,-0.444868
0.0998,-0.536459
0.0998167,1.40439
0.0998333,1.22121
0.09985,-0.776339
0.0998667,1.3128
0.0998833,1.65735
0.0999,-0.75017
0.0999167,0.126482
0.0999333,0.532098
0.09995,1.53087
0.0999667,-0.244242
0.0999833,0.841761
0.1,1.06856
0.100017,0.117759
0.100033,0.152651
0.10005,1.52215
0.100067,0.436146
0.100083,0.266049
0.1001,0.972605
0.100117,0.383808
0.100133,1.48726
0.10015,0.366362
0.100167,1.17759
0.100183,-0.915906
0.1002,1.448
0.100217,0.553905
0.100233,-0.724002
0.10025,1.93649
0.100267,0.942074
0.100283,-1.0642
0.1003,1.16887
0.100317,1.7882
0.100333,0.453591
0.10035,0.396892
0.100367,1.57449
0.100383,0.244242
0.1004,-0.754532
0.100417,1.82309
0.100433,1.60502
0.10045,-0.47976
0.100467,0.976966
0.100483,1.84053
0.1005,-0.0348916
0.100517,0.802508
0.100533,0.724002
0.10055,-0.436146
0.100567,-0.357639
0.100583,1.81873
0.1006,1.0642
0.100617,-0.0436146
0.100633,1.02058
0.10065,0.379447
0.100667,0.113398
0.100683,1.30844
0.1007,1.1994
0.100717,-0.117759
0.100733,-0.340194
0.10075,1.21248
0.100767,0.614965
0.100783,0.54082
0.1008,1.11653
0.100817,0.453591
0.100833,-0.157012
0.10085,2.21126
0.100867,0.161374
0.100883,0.047976
0.1009,1.11217
0.100917,1.23429
0.100933,-0.606242
0.10095,-0.370724
0.100967,0.575712
0.100983,-0.771978
0.101,0.305302
0.101017,0.907183
0.101033,0.0305302
0.10105,-0.436146
0.101067,1.57449
0.101083,1.07292
0.1011,1.90159
0.101117,0.414338
0.101133,-0.318386
0.10115,1.63118
0.101167,0.963882
0.101183,0.776339
0.1012,-0.558266
0.101217,-0.244242
0.101233,1.29099
0.10125,0.811231
0.101267,0.187543
0.101283,2.13275
0.1013,0.0348916
0.101317,-1.40003
0.101333,2.95271
0.10135,1.49162
0.101367,-1.53959
0.101383,0.466676
0.1014,1.38258
0.101417,0.257326
0.101433,-0.200627
0.10145,2.78261
0.101467,-0.837399
0.101483,-1.12526
0.1015,2.60379
0.101517,0.649857
0.101533,-1.3695
0.10155,0.283495
0.101567,2.76516
0.101583,-0.636773
0.1016,0.728363
0.101617,1.56576
0.101633,0
0.10165,-0.279133
0.101667,1.97138
0.101683,-0.0174458
0.1017,-0.562628
0.101717,2.00191
0.101733,1.67916
0.10175,-0.833038
0.101767,1.29099
0.101783,1.46981
0.1018,-0.100313
0.101817,0.405615
0.101833,2.49039
0.10185,0.693471
0.101867,-0.423061
0.101883,1.08164
0.1019,1.6181
0.101917,0.492844
0.101933,1.58757
0.10195,1.38258
0.101967,0.549543
0.101983,-1.13834
0.102,1.71405
0.102017,1.10781
0.102033,-0.0741447
0.10205,1.09473
0.102067,1.1427
0.102083,0.379447
0.1021,1.02058
0.102117,0.135205
0.102133,-0.737086
0.10215,1.57449
0.102167,-0.296579
0.102183,1.83617
0.1022,0.501567
0.102217,0.86793
0.102233,-0.17882
0.10225,1.09909
0.102267,1.64427
0.102283,0.348916
0.1023,-0.0610604
0.102317,2.51656
0.102333,1.00313
0.10235,-0.287856
0.102367,1.12089
0.102383,1.05547
0.1024,0.645495
0.102417,0.17882
0.102433,1.83617
0.10245,0.266049
0.102467,-1.60502
0.102483,0.833038
0.1025,1.41311
0.102517,0.863568
0.102533,1.35205
0.10255,0.802508
0.102567,0.601881
0.102583,2.06297
0.1026,1.27791
0.102617,0.0218073
0.102633,2.06733
0.10265,0.706556
0.102667,0.68911
0.102683,0.741447
0.1027,0.924629
0.102717,0.558266
0.102733,1.86234
0.10275,0.872291
0.102767,0.846122
0.102783,0.170097
0.1028,0.566989
0.102817,1.04239
0.102833,-0.0828677
0.10285,1.28227
0.102867,0.976966
0.102883,0.348916
0.1029,1.30408
0.102917,0.614965
0.102933,1.28227
0.10295,-0.680387
0.102967,0.475399
0.102983,1.36077
0.103,0.30094
0.103017,-0.915906
0.103033,1.69224
0.10305,0.104675
0.103067,0.505929
0.103083,2.21998
0.1031,0.680387
0.103117,-0.161374
0.103133,0.575712
0.10315,0.610604
0.103167,0.440507
0.103183,0.597519
0.1032,-0.379447
0.103217,-0.4187
0.103233,-0.130844
0.10325,0.693471
0.103267,0.143928
0.103283,0.62805
0.1033,1.18195
0.103317,1.55704
0.103333,0.143928
0.10335,1.04675
0.103367,0.0610604
0.103383,0.737086
0.1034,-0.662941
0.103417,1.15142
0.103433,0.846122
0.10345,0.440507
0.103467,1.5047
0.103483,0.523375
0.1035,-0.614965
0.103517,0.38817
0.103533,1.81873
0.10355,0.17882
0.103567,0.348916
0.103583,0.409977
0.1036,0.383808
0.103617,0.0828677
0.103633,2.11967
0.10365,-0.126482
0.103667,-0.614965
0.103683,-0.366362
0.1037,0.815592
0.103717,-0.38817
0.103733,0.383808
0.10375,1.16451
0.103767,-1.11653
0.103783,0.344555
0.1038,0.732725
0.103817,0.62805
0.103833,0.514652
0.10385,-0.601881
0.103867,1.40439
0.103883,0.863568
0.1039,0.859207
0.103917,0.0566989
0.103933,1.33897
0.10395,0.963882
0.103967,0.348916
0.103983,0.519013
0.104,1.05983
0.104017,1.05111
0.104033,-0.0436146
0.10405,1.20376
0.104067,0.950797
0.104083,-0.715279
0.1041,1.50034
0.104117,0.811231
0.104133,0.213711
0.10415,1.27355
0.104167,0.00436146
0.104183,-1.05547
0.1042,1.52651
0.104217,0.392531
0.104233,-0.348916
0.10425,1.0075
0.104267,0.785062
0.104283,-0.161374
0.1043,-0.614965
0.104317,1.19068
0.104333,0.187543
0.10435,0.889737
0.104367,-0.0785062
0.104383,-0.17882
0.1044,0.0872291
0.104417,-0.174458
0.104433,1.49162
0.10445,0.257326
0.104467,-1.34769
0.104483,0.588796
0.1045,0.649857
0.104517,1.448
0.104533,0.348916
0.10455,-0.148289
0.104567,-0.409977
0.104583,0.780701
0.1046,0.344555
0.104617,1.36077
0.104633,-0.314025
0.10465,0.68911
0.104667,1.46545
0.104683,1.14706
0.1047,0.850484
0.104717,-0.614965
0.104733,1.3128
0.10475,0.501567
0.104767,-1.07292
0.104783,0.86793
0.1048,1.10345
0.104817,0.462314
0.104833,0.976966
0.10485,1.77947
0.104867,-0.68911
0.104883,0.649857
0.1049,1.17759
0.104917,-0.488483
0.104933,-0.248603
0.10495,2.66049
0.104967,-1.0075
0.104983,-0.968243
0.105,2.15892
0.105017,1.13398
0.105033,-0.741447
0.10505,0.911544
0.105067,1.63118
0.105083,-1.28663
0.1051,-0.92899
0.105117,4.41379
0.105133,-0.955159
0.10515,-1.60502
0.105167,1.87543
0.105183,0.62805
0.1052,-0.741447
0.105217,1.52651
0.105233,2.0368
0.10525,0.532098
0.105267,0.872291
0.105283,1.75331
0.1053,0.837399
0.105317,-0.0348916
0.105333,0.976966
0.10535,-0.187543
0.105367,-0.222434
0.105383,0.514652
0.1054,0.998773
0.105417,0.649857
0.105433,0.728363
0.10545,0.575712
0.105467,1.49162
0.105483,1.02494
0.1055,0.92899
0.105517,0.942074
0.105533,1.63118
0.10555,1.05983
0.105567,-0.841761
0.105583,0.296579
0.1056,0.523375
0.105617,0.353278
0.105633,1.0075
0.10565,1.24738
0.105667,0.331471
0.105683,-0.309663
0.1057,-0.104675
0.105717,0.38817
0.105733,1.30844
0.10575,1.34333
0.105767,0.86793
0.105783,-0.0566989
0.1058,1.40439
0.105817,-0.266049
0.105833,-0.475399
0.10585,1.04675
0.105867,1.93649
0.105883,0.0785062
0.1059,0.204988
0.105917,0.492844
0.105933,0.292218
0.10595,-0.0130844
0.105967,1.94085
0.105983,0.994412
0.106,-0.0741447
0.106017,1.57012
0.106033,1.60938
0.10605,-0.27041
0.106067,0.741447
0.106083,2.06297
0.1061,-0.00436146
0.106117,0.362001
0.106133,0.641134
0.10615,1.32152
0.106167,0.109036
0.106183,-0.100313
0.1062,1.71405
0.106217,0.191904
0.106233,0.126482
0.10625,0.92899
0.106267,0.737086
0.106283,0.38817
0.1063,1.62682
0.106317,1.07728
0.106333,1.0293
0.10635,-0.0872291
0.106367,0.819954
0.106383,0.405615
0.1064,0.636773
0.106417,0.915906
0.106433,0.636773
0.10645,0.767616
0.106467,0.514652
0.106483,1.3128
0.1065,-0.135205
0.106517,-0.536459
0.106533,0.824315
0.10655,0.0305302
0.106567,0.327109
0.106583,1.01186
0.1066,-0.248603
0.106617,0.126482
0.106633,0.876653
0.10665,1.02494
0.106667,0.135205
0.106683,1.09036
0.1067,2.08914
0.106717,0.305302
0.106733,-0.614965
0.10675,1.11217
0.106767,0.994412
0.106783,0.833038
0.1068,1.28663
0.106817,-0.492844
0.106833,0.645495
0.10685,0.837399
0.106867,1.68788
0.106883,1.1427
0.1069,0.89846
0.106917,0.126482
0.106933,0.710917
0.10695,0.610604
0.106967,1.20376
0.106983,-0.095952
0.107,0.30094
0.107017,0.881014
0.107033,1.96266
0.10705,0.54082
0.107067,0.279133
0.107083,0.135205
0.1071,0.196266
0.107117,1.12526
0.107133,0.968243
0.10715,1.02494
0.107167,1.01622
0.107183,1.59629
0.1072,-1.44364
0.107217,1.30408
0.107233,1.24738
0.10725,0.292218
0.107267,-0.505929
0.107283,1.16015
0.1073,0.305302
0.107317,0.405615
0.107333,1.32152
0.10735,0.881014
0.107367,1.05983
0.107383,0.785062
0.1074,1.33897
0.107417,0.266049
0.107433,0.920267
0.10745,-0.662941
0.107467,-0.453591
0.107483,2.11967
0.1075,0.309663
0.107517,-0.51029
0.107533,0.148289
0.10755,0.440507
0.107567,-0.75017
0.107583,0.475399
0.1076,0.876653
0.107617,0.440507
0.107633,1.42183
0.10765,0.767616
0.107667,-0.0915906
0.107683,0.0305302
0.1077,1.30844
0.107717,1.11217
0.107733,0.38817
0.10775,-0.183181
0.107767,1.3695
0.107783,0.981328
0.1078,0.161374
0.107817,0.588796
0.107833,1.70969
0.10785,0.859207
0.107867,0.17882
0.107883,1.77947
0.1079,1.49598
0.107917,-0.902821
0.107933,0.850484
0.10795,1.09473
0.107967,-0.235519
0.107983,1.33461
0.108,0.924629
0.108017,0.575712
0.108033,-0.309663
0.10805,1.46545
0.108067,-0.0872291
0.108083,0.553905
0.1081,0.488483
0.108117,1.04239
0.108133,0.501567
0.10815,0.305302
0.108167,-0.23988
0.108183,0.117759
0.1082,1.35641
0.108217,0.187543
0.108233,1.88851
0.10825,-0.375085
0.108267,-1.19504
0.108283,1.38694
0.1083,1.21685
0.108317,1.21685
0.108333,0.732725
0.10835,0.261687
0.108367,-0.562628
0.108383,-0.894098
0.1084,0.623688
0.108417,0.71964
0.108433,0.641134
0.10845,1.57449
0.108467,1.1994
0.108483,0.279133
0.1085,0.248603
0.108517,0.54082
0.108533,2.08041
0.10855,0.00436146
0.108567,0.780701
0.108583,1.29535
0.1086,1.14706
0.108617,-0.340194
0.108633,2.14147
0.10865,0.584435
0.108667,0.00436146
0.108683,0.348916
0.1087,1.3913
0.108717,0.737086
0.108733,1.28227
0.10875,0.484122
0.108767,-0.38817
0.108783,0.370724
0.1088,0.431784
0.108817,0.436146
0.108833,-0.0305302
0.10885,0.99005
0.108867,1.45236
0.108883,-0.0785062
0.1089,1.07728
0.108917,1.05111
0.108933,-0.466676
0.10895,0.0348916
0.108967,1.24301
0.108983,-1.0293
0.109,0.00872291
0.109017,1.67044
0.109033,1.37822
0.10905,-0.283495
0.109067,1.9801
0.109083,2.13711
0.1091,-0.143928
0.109117,0.553905
0.109133,1.57449
0.10915,-1.00313
0.109167,0.340194
0.109183,0.963882
0.1092,1.35205
0.109217,0.366362
0.109233,1.46109
0.10925,0.257326
0.109267,-0.702194
0.109283,1.448
0.1093,0.676026
0.109317,0.710917
0.109333,0.553905
0.10935,0.785062
0.109367,0.54082
0.109383,-0.0610604
0.1094,1.67044
0.109417,0.580074
0.109433,-0.532098
0.10945,1.11217
0.109467,1.18632
0.109483,0.662941
0.1095,1.68788
0.109517,0.322748
0.109533,-1.2561
0.10955,-0.0436146
0.109567,2.49475
0.109583,0.379447
0.1096,-1.75331
0.109617,1.94085
0.109633,0.92899
0.10965,-0.191904
0.109667,1.48289
0.109683,1.17759
0.1097,0.113398
0.109717,1.16451
0.109733,0.824315
0.10975,0.148289
0.109767,-0.30094
0.109783,0.662941
0.1098,1.71841
0.109817,0.204988
0.109833,1.05111
0.10985,0.375085
0.109867,0.471037
0.109883,0.497206
0.1099,1.04675
0.109917,0.623688
0.109933,0.601881
0.10995,1.16451
0.109967,0.222434
0.109983,0.244242
0.11,2.44678
0.110017,0.00436146
0.110033,-0.279133
0.11005,2.42933
0.110067,1.11217
0.110083,0.51029
0.1101,1.47853
0.110117,1.3128
0.110133,0.62805
0.11015,0.279133
0.110167,1.37822
0.110183,0.27041
0.1102,0.745809
0.110217,0.846122
0.110233,-0.580074
0.11025,1.78384
0.110267,0.196266
0.110283,-1.07728
0.1103,0.545182
0.110317,1.81873
0.110333,-0.767616
0.11035,0.514652
0.110367,2.66049
0.110383,0.793785
0.1104,-1.62682
0.110417,1.01186
0.110433,0.71964
0.11045,-1.04675
0.110467,1.36514
0.110483,1.91032
0.1105,-0.362001
0.110517,-1.65735
0.110533,2.36391
0.11055,2.02808
0.110567,-1.3695
0.110583,0.566989
0.1106,2.45114
0.110617,-0.771978
0.110633,0.314025
0.11065,1.43056
0.110667,0.601881
0.110683,-0.122121
0.1107,0.859207
0.110717,0.802508
0.110733,-1.06856
0.11075,1.77075
0.110767,0.309663
0.110783,-0.946436
0.1108,1.91468
0.110817,1.39567
0.110833,1.27355
0.11085,0.702194
0.110867,2.35519
0.110883,1.14706
0.1109,0.889737
0.110917,0.409977
0.110933,-0.226796
0.11095,-1.22557
0.110967,2.04116
0.110983,-0.44923
0.111,-0.514652
0.111017,2.27668
0.111033,1.19504
0.11105,-0.920267
0.111067,0.863568
0.111083,1.21685
0.1111,-0.684749
0.111117,0.287856
0.111133,2.45114
0.11115,-1.64863
0.111167,0.30094
0.111183,1.94085
0.1112,0.86793
0.111217,0.362001
0.111233,1.09909
0.11125,-0.174458
0.111267,0.0915906
0.111283,-0.222434
0.1113,0.71964
0.111317,-0.392531
0.111333,0.850484
0.11135,0.937713
0.111367,-0.488483
0.111383,0.819954
0.1114,1.49598
0.111417,-1.04675
0.111433,-0.095952
0.11145,1.9801
0.111467,1.21685
0.111483,-0.466676
0.1115,1.94957
0.111517,-0.244242
0.111533,-0.789423
0.11155,2.51656
0.111567,0.968243
0.111583,-0.789423
0.1116,1.23429
0.111617,1.76639
0.111633,0.841761
0.11165,1.85362
0.111667,0.671664
0.111683,0.645495
0.1117,0.266049
0.111717,1.1427
0.111733,0.68911
0.11175,-0.218073
0.111767,0.292218
0.111783,1.14706
0.1118,-0.183181
0.111817,0.462314
0.111833,1.21248
0.11185,0.0348916
0.111867,-0.348916
0.111883,1.52651
0.1119,-0.0828677
0.111917,0.423061
0.111933,1.21685
0.11195,0.885375
0.111967,-0.86793
0.111983,0.248603
0.112,0.0828677
0.112017,-0.405615
0.112033,-0.139567
0.11205,0.737086
0.112067,0.126482
0.112083,1.52215
0.1121,1.89287
0.112117,-0.0828677
0.112133,0.0523375
0.11215,1.02058
0.112167,0.113398
0.112183,0.71964
0.1122,1.7315
0.112217,0.0915906
0.112233,-0.497206
0.11225,-0.30094
0.112267,0.327109
0.112283,-0.27041
0.1123,0.519013
0.112317,0.771978
0.112333,1.67916
0.11235,-0.0915906
0.112367,-0.218073
0.112383,0.457953
0.1124,0.139567
0.112417,0.152651
0.112433,1.26918
0.11245,0.846122
0.112467,-0.89846
0.112483,1.11217
0.1125,1.21248
0.112517,0.135205
0.112533,0.754532
0.11255,0.955159
0.112567,1.086
0.112583,-0.471037
0.1126,0.745809
0.112617,0.322748
0.112633,1.69224
0.11265,0.0654218
0.112667,-0.0872291
0.112683,1.32152
0.1127,0.693471
0.112717,0.047976
0.112733,0.588796
0.11275,-0.789423
0.112767,1.70969
0.112783,0.0130844
0.1128,-1.71841
0.112817,-0.51029
0.112833,-0.375085
0.11285,1.07292
0.112867,-0.440507
0.112883,1.5614
0.1129,0.0174458
0.112917,0.676026
0.112933,0.584435
0.11295,0.65858
0.112967,0.314025
0.112983,1.70097
0.113,0.972605
0.113017,1.22993
0.113033,0.771978
0.11305,1.0293
0.113067,1.66608
0.113083,1.26918
0.1131,0.23988
0.113117,1.19068
0.113133,1.15142
0.11315,-0.623688
0.113167,0.17882
0.113183,1.53087
0.1132,1.12089
0.113217,-0.423061
0.113233,1.62246
0.11325,1.22121
0.113267,-0.457953
0.113283,1.17759
0.1133,0.562628
0.113317,-0.0305302
0.113333,-0.23988
0.11335,0.396892
0.113367,1.62682
0.113383,0.767616
0.1134,0.566989
0.113417,1.1427
0.113433,0.553905
0.11345,0.157012
0.113467,0.130844
0.113483,1.0293
0.1135,0.71964
0.113517,0.196266
0.113533,0.676026
0.11355,0.811231
0.113567,2.01935
0.113583,-0.981328
0.1136,0.353278
0.113617,0.514652
0.113633,0.444868
0.11365,1.09036
0.113667,0.580074
0.113683,0.728363
0.1137,-0.331471
0.113717,1.42183
0.113733,0.649857
0.11375,0.553905
0.113767,1.03803
0.113783,1.68788
0.1138,-0.780701
0.113817,1.15142
0.113833,0.815592
0.11385,0.497206
0.113867,-0.204988
0.113883,1.83181
0.1139,1.30408
0.113917,1.34333
0.113933,-0.274772
0.11395,0.545182
0.113967,-0.684749
0.113983,1.24301
0.114,1.54396
0.114017,0.157012
0.114033,-0.183181
0.11405,0.881014
0.114067,0.754532
0.114083,1.04675
0.1141,0.047976
0.114117,0.196266
0.114133,-0.283495
0.11415,1.05983
0.114167,1.24738
0.114183,-0.889737
0.1142,0.109036
0.114217,0.715279
0.114233,-0.597519
0.11425,2.09786
0.114267,1.58321
0.114283,0.706556
0.1143,0.126482
0.114317,2.21562
0.114333,-0.331471
0.11435,0.902821
0.114367,1.29971
0.114383,0.737086
0.1144,0.191904
0.114417,1.99755
0.114433,1.69224
0.11445,-0.710917
0.114467,0.00872291
0.114483,1.75331
0.1145,0.0348916
0.114517,1.29099
0.114533,1.74022
0.11455,1.22993
0.114567,0.244242
0.114583,1.09473
0.1146,0.863568
0.114617,-0.972605
0.114633,0.51029
0.11465,0.0915906
0.114667,1.92776
0.114683,1.16451
0.1147,0.200627
0.114717,-0.850484
0.114733,0.881014
0.11475,1.73586
0.114767,-0.135205
0.114783,1.14706
0.1148,0.597519
0.114817,-0.401254
0.114833,0.266049
0.11485,1.09473
0.114867,1.00313
0.114883,0.0218073
0.1149,1.5047
0.114917,-0.00436146
0.114933,0.279133
0.11495,1.22121
0.114967,1.20376
0.114983,-0.436146
0.115,-0.0654218
0.115017,0.994412
0.115033,-0.514652
0.11505,-0.318386
0.115067,1.94957
0.115083,-0.204988
0.1151,-0.0610604
0.115117,1.7315
0.115133,-0.100313
0.11515,0.165735
0.115167,1.57885
0.115183,-0.126482
0.1152,0.623688
0.115217,1.74894
0.115233,0.667303
0.11525,-0.00872291
0.115267,1.1427
0.115283,1.53959
0.1153,-0.357639
0.115317,1.16451
0.115333,1.25174
0.11535,0.392531
0.115367,0.170097
0.115383,1.17759
0.1154,0.580074
0.115417,1.29099
0.115433,1.33897
0.11545,-0.170097
0.115467,0.20935
0.115483,0.27041
0.1155,0.793785
0.115517,-0.532098
0.115533,1.53959
0.11555,0.17882
0.115567,-0.130844
0.115583,-0.75017
0.1156,1.1994
0.115617,0.274772
0.115633,-0.187543
0.11565,0.793785
0.115667,1.00313
0.115683,-1.3913
0.1157,1.33897
0.115717,0.649857
0.115733,0.737086
0.11575,0.789423
0.115767,0.4187
0.115783,0.593158
0.1158,0.889737
0.115817,0.972605
0.115833,0.763255
0.11585,0.636773
0.115867,1.34769
0.115883,-0.139567
0.1159,0.706556
0.115917,0.475399
0.115933,1.49598
0.11595,0.580074
0.115967,1.22121
0.115983,0.955159
0.116,0.968243
0.116017,0.462314
0.116033,1.6748
0.11605,1.09036
0.116067,0.117759
0.116083,0.636773
0.1161,1.53087
0.116117,1.30844
0.116133,0.436146
0.11615,-0.505929
0.116167,0.95952
0.116183,-0.488483
0.1162,0.562628
0.116217,-0.462314
0.116233,1.33024
0.11625,0.715279
0.116267,0.235519
0.116283,-0.122121
0.1163,0.881014
0.116317,-0.597519
0.116333,-0.0392531
0.11635,0.963882
0.116367,0.409977
0.116383,-1.11217
0.1164,2.34646
0.116417,1.8449
0.116433,-0.252964
0.11645,-0.383808
0.116467,-0.248603
0.116483,0.357639
0.1165,0.38817
0.116517,0.161374
0.116533,0.113398
0.11655,-0.671664
0.116567,0.296579
0.116583,0.654218
0.1166,1.66608
0.116617,0.248603
0.116633,1.20376
0.11665,-0.30094
0.116667,-0.183181
0.116683,0.680387
0.1167,1.59629
0.116717,0.139567
0.116733,-0.758893
0.11675,1.34333
0.116767,0.4187
0.116783,0.523375
0.1168,0.130844
0.116817,2.28976
0.116833,-0.619327
0.11685,0.850484
0.116867,1.12089
0.116883,0.0523375
0.1169,-0.296579
0.116917,0.942074
0.116933,0.0915906
0.11695,-0.789423
0.116967,0.601881
0.116983,0.671664
0.117,-0.309663
0.117017,0.0610604
0.117033,1.01622
0.11705,-0.0218073
0.117067,1.05983
0.117083,0.815592
0.1171,1.78384
0.117117,0.793785
0.117133,0.170097
0.11715,0.68911
0.117167,0.985689
0.117183,0.68911
0.1172,0.104675
0.117217,0.824315
0.117233,1.24301
0.11725,0.161374
0.117267,0.47976
0.117283,1.81873
0.1173,-1.13398
0.117317,0.38817
0.117333,1.0075
0.11735,0.218073
0.117367,-0.174458
0.117383,1.67916
0.1174,2.03244
0.117417,-1.43492
0.117433,0.558266
0.11745,2.41625
0.117467,-0.157012
0.117483,0.881014
0.1175,1.87106
0.117517,1.33461
0.117533,-0.667303
0.11755,-0.0741447
0.117567,1.95393
0.117583,-1.32152
0.1176,-1.06856
0.117617,2.75644
0.117633,0.44923
0.11765,-0.0392531
0.117667,1.30408
0.117683,1.19504
0.1177,0.497206
0.117717,0.636773
0.117733,1.16451
0.11775,0.47976
0.117767,-0.667303
0.117783,2.5122
0.1178,0.819954
0.117817,0.331471
0.117833,2.05425
0.11785,0.614965
0.117867,1.36514
0.117883,1.24301
0.1179,1.65299
0.117917,0.375085
0.117933,2.96143
0.11795,0.737086
0.117967,-0.296579
0.117983,2.04116
0.118,1.20376
0.118017,-0.981328
0.118033,1.448
0.11805,0.580074
0.118067,-0.601881
0.118083,-0.501567
0.1181,1.96702
0.118117,0.161374
0.118133,-0.427423
0.11815,2.37699
0.118167,0.545182
0.118183,-1.10345
0.1182,0.933352
0.118217,1.37822
0.118233,0.113398
0.11825,0
0.118267,1.94085
0.118283,0
0.1183,-0.183181
0.118317,0.676026
0.118333,-0.183181
0.11835,0.401254
0.118367,-0.226796
0.118383,0.484122
0.1184,1.65299
0.118417,1.04239
0.118433,-0.252964
0.11845,0.593158
0.118467,1.94957
0.118483,0.095952
0.1185,0.763255
0.118517,1.31716
0.118533,0.296579
0.11855,-0.811231
0.118567,1.02058
0.118583,0.724002
0.1186,-0.819954
0.118617,-0.117759
0.118633,3.0443
0.11865,-0.122121
0.118667,-0.23988
0.118683,0.841761
0.1187,1.80564
0.118717,-0.235519
0.118733,1.08164
0.11875,0.785062
0.118767,-0.362001
0.118783,1.1427
0.1188,0.196266
0.118817,0.213711
0.118833,-0.353278
0.11885,1.10781
0.118867,0.4187
0.118883,0.54082
0.1189,0.0697833
0.118917,2.30285
0.118933,-0.654218
0.11895,0.911544
0.118967,2.12403
0.118983,0.972605
0.119,0.894098
0.119017,2.21126
0.119033,1.41311
0.11905,0.235519
0.119067,0.423061
0.119083,1.45236
0.1191,-1.43056
0.119117,0.937713
0.119133,0.728363
0.11915,-0.65858
0.119167,0.362001
0.119183,2.10658
0.1192,1.05547
0.119217,-0.671664
0.119233,1.5614
0.11925,1.16451
0.119267,0.0785062
0.119283,1.16887
0.1193,1.79256
0.119317,-0.274772
0.119333,0.379447
0.11935,0.789423
0.119367,0.51029
0.119383,-0.475399
0.1194,1.29535
0.119417,-0.706556
0.119433,-0.95952
0.11945,0.632411
0.119467,-0.235519
0.119483,-1.30844
0.1195,1.5047
0.119517,-0.0654218
0.119533,-0.885375
0.11955,-0.566989
0.119567,1.29535
0.119583,-0.505929
0.1196,0.305302
0.119617,1.0642
0.119633,1.33897
0.11965,-0.344555
0.119667,2.44242
0.119683,-0.0261687
0.1197,0.4187
0.119717,1.73586
0.119733,1.3913
0.11975,1.6748
0.119767,0.213711
0.119783,-0.20935
0.1198,1.12089
0.119817,1.18632
0.119833,-0.362001
0.11985,0.863568
0.119867,1.33461
0.119883,0.597519
0.1199,-0.671664
0.119917,2.96143
0.119933,-0.322748
0.11995,0.0828677
0.119967,0.75017
0.119983,0.732725
0.12,-0.047976
0.120017,0.798146
0.120033,0.889737
0.12005,-2.05861
0.120067,0.348916
0.120083,1.50906
0.1201,-0.104675
0.120117,0.165735
0.120133,1.30408
0.12015,-0.920267
0.120167,0.514652
0.120183,0.841761
0.1202,1.47853
0.120217,0.257326
0.120233,0.837399
0.12025,1.29971
0.120267,0.165735
0.120283,0.130844
0.1203,0.645495
0.120317,0.401254
0.120333,0.702194
0.12035,0.370724
0.120367,2.172
0.120383,0.571351
0.1204,0.157012
0.120417,1.05983
0.120433,0.357639
0.12045,0.780701
0.120467,0.257326
0.120483,1.64863
0.1205,1.33897
0.120517,0.143928
0.120533,1.27355
0.12055,1.32588
0.120567,-0.30094
0.120583,0.806869
0.1206,1.30844
0.120617,-0.0218073
0.120633,-1.20376
0.12065,0.519013
0.120667,1.60938
0.120683,-1.56576
0.1207,1.05547
0.120717,2.01935
0.120733,-0.51029
0.12075,0.811231
0.120767,1.6748
0.120783,-0.994412
0.1208,-0.732725
0.120817,2.23743
0.120833,0.414338
0.12085,0.431784
0.120867,0.754532
0.120883,0.68911
0.1209,-1.08164
0.120917,1.11653
0.120933,0.353278
0.12095,-0.117759
0.120967,-0.287856
0.120983,1.65735
0.121,0.0915906
0.121017,0.841761
0.121033,2.18073
0.12105,0.833038
0.121067,-0.693471
0.121083,1.09909
0.1211,0.165735
0.121117,0.248603
0.121133,-0.492844
0.12115,0.606242
0.121167,0.340194
0.121183,-0.113398
0.1212,1.53523
0.121217,0.863568
0.121233,-1.07292
0.12125,0.545182
0.121267,-0.261687
0.121283,1.19504
0.1213,0.148289
0.121317,0.331471
0.121333,0.994412
0.12135,0.976966
0.121367,0.0785062
0.121383,0.322748
0.1214,2.52528
0.121417,0.65858
0.121433,0.135205
0.12145,2.39008
0.121467,0.462314
0.121483,-0.763255
0.1215,2.2636
0.121517,1.1427
0.121533,-0.471037
0.12155,1.20812
0.121567,2.39444
0.121583,-0.553905
0.1216,-0.244242
0.121617,0.47976
0.121633,-0.357639
0.12165,-1.09909
0.121667,1.55268
0.121683,0.226796
0.1217,-0.409977
0.121717,1.20376
0.121733,1.12089
0.12175,-0.0872291
0.121767,-0.244242
0.121783,1.6748
0.1218,0.785062
0.121817,-0.266049
0.121833,1.57885
0.12185,0.837399
0.121867,0.314025
0.121883,1.46109
0.1219,0.327109
0.121917,0.174458
0.121933,0.488483
0.12195,1.11217
0.121967,-0.71964
0.121983,0.104675
0.122,1.49598
0.122017,-0.593158
0.122033,0.584435
0.12205,1.17759
0.122067,-0.344555
0.122083,1.2561
0.1221,1.9801
0.122117,1.62682
0.122133,0.758893
0.12215,-0.23988
0.122167,1.34769
0.122183,0.702194
0.1222,0.248603
0.122217,1.23429
0.122233,2.24615
0.12225,-0.27041
0.122267,-0.54082
0.122283,1.08164
0.1223,1.23429
0.122317,-0.876653
0.122333,1.23429
0.12235,2.72591
0.122367,-0.0392531
0.122383,-1.10781
0.1224,2.83931
0.122417,-0.833038
0.122433,0.0872291
0.12245,0.889737
0.122467,1.36077
0.122483,-1.62682
0.1225,0.920267
0.122517,2.7041
0.122533,-0.0654218
0.12255,-0.4187
0.122567,1.42183
0.122583,1.70969
0.1226,-1.54396
0.122617,0.828677
0.122633,1.28663
0.12265,0.109036
0.122667,-0.976966
0.122683,-0.204988
0.1227,-0.571351
0.122717,1.63118
0.122733,1.76639
0.12275,-0.0523375
0.122767,-0.130844
0.122783,1.11653
0.1228,1.12089
0.122817,-1.32588
0.122833,0.863568
0.12285,2.01935
0.122867,0.30094
0.122883,1.35641
0.1229,1.88851
0.122917,-0.92899
0.122933,0.86793
0.12295,1.93649
0.122967,0.632411
0.122983,0.676026
0.123,0.863568
0.123017,0.497206
0.123033,0.484122
0.12305,0.553905
0.123067,0.715279
0.123083,0.872291
0.1231,2.04988
0.123117,-0.841761
0.123133,0.401254
0.12315,0.457953
0.123167,1.94957
0.123183,-1.03803
0.1232,0.758893
0.123217,0.662941
0.123233,-0.27041
0.12325,2.29849
0.123267,0.392531
0.123283,-0.75017
0.1233,0.379447
0.123317,1.35205
0.123333,-2.28976
0.12335,1.22557
0.123367,0.662941
0.123383,-0.785062
0.1234,-0.584435
0.123417,1.6748
0.123433,-0.0915906
0.12345,0.314025
0.123467,0.754532
0.123483,1.39567
0.1235,-1.74022
0.123517,0.279133
0.123533,1.66608
0.12355,0.907183
0.123567,-0.0261687
0.123583,2.23743
0.1236,0.697833
0.123617,0.527736
0.123633,1.67916
0.12365,0.881014
0.123667,-0.662941
0.123683,0.763255
0.1237,2.2854
0.123717,-0.170097
0.123733,0.785062
0.12375,1.3695
0.123767,0.17882
0.123783,0.327109
0.1238,1.29099
0.123817,0.235519
0.123833,0.100313
0.12385,1.14706
0.123867,1.16015
0.123883,-0.51029
0.1239,1.33897
0.123917,2.66485
0.123933,-1.09036
0.12395,1.13834
0.123967,1.38258
0.123983,-0.0610604
0.124,-0.798146
0.124017,0.514652
0.124033,0.833038
0.12405,-0.095952
0.124067,0.92899
0.124083,1.45236
0.1241,-0.444868
0.124117,0.00436146
0.124133,1.37822
0.12415,-0.0697833
0.124167,0.62805
0.124183,2.05425
0.1242,1.19068
0.124217,0.0523375
0.124233,0.654218
0.12425,1.33461
0.124267,0.780701
0.124283,-0.100313
0.1243,0.161374
0.124317,1.49598
0.124333,1.30408
0.12435,-0.322748
0.124367,1.57885
0.124383,1.0075
0.1244,0.0697833
0.124417,1.33461
0.124433,1.24738
0.12445,0.126482
0.124467,-0.431784
0.124483,0.758893
0.1245,0.824315
0.124517,-0.885375
0.124533,1.09909
0.12455,1.17323
0.124567,-0.606242
0.124583,0.274772
0.1246,2.73463
0.124617,0.344555
0.124633,-0.235519
0.12465,1.05983
0.124667,0.824315
0.124683,-1.0075
0.1247,1.44364
0.124717,0.828677
0.124733,1.03803
0.12475,0.444868
0.124767,1.6181
0.124783,1.40875
0.1248,0.710917
0.124817,1.20376
0.124833,0.54082
0.12485,0.047976
0.124867,0.170097
0.124883,1.40875
0.1249,0.27041
0.124917,0.231157
0.124933,1.72277
0.12495,0.933352
0.124967,-0.0348916
0.124983,0.571351
0.125,0.519013
0.125017,-0.292218
0.125033,-0.0523375
0.12505,1.01622
0.125067,0.994412
0.125083,-1.22121
0.1251,0.758893
0.125117,0.885375
0.125133,0.00872291
0.12515,-1.11217
0.125167,0.811231
0.125183,-0.143928
0.1252,1.01186
0.125217,1.50906
0.125233,2.32902
0.12525,-0.580074
0.125267,1.33897
0.125283,1.65735
0.1253,-1.63991
0.125317,1.69661
0.125333,2.09786
0.12535,0.100313
0.125367,0.4187
0.125383,0.92899
0.1254,0.314025
0.125417,-0.0218073
0.125433,0.846122
0.12545,1.22121
0.125467,-0.584435
0.125483,0.30094
0.1255,0.0130844
0.125517,0.357639
0.125533,-0.109036
0.12555,0.654218
0.125567,0.226796
0.125583,-0.715279
0.1256,0.571351
0.125617,1.71405
0.125633,-0.488483
0.12565,-0.68911
0.125667,1.53523
0.125683,0.732725
0.1257,-1.43928
0.125717,0.710917
0.125733,1.91468
0.12575,0.946436
0.125767,2.0935
0.125783,1.88851
0.1258,0.942074
0.125817,0.536459
0.125833,1.98446
0.12585,0.676026
0.125867,0.405615
0.125883,-0.0872291
0.1259,-0.00872291
0.125917,0.846122
0.125933,-0.331471
0.12595,0.0261687
0.125967,0.322748
0.125983,-0.104675
0.126,1.52215
0.126017,1.05111
0.126033,-0.654218
0.12605,1.36077
0.126067,1.64427
0.126083,-0.17882
0.1261,0
0.126117,2.76952
0.126133,0.27041
0.12615,-0.436146
0.126167,0.348916
0.126183,1.29535
0.1262,-0.287856
0.126217,0.401254
0.126233,1.05547
0.12625,-0.322748
0.126267,-0.86793
0.126283,2.57762
0.1263,1.84926
0.126317,-1.08164
0.126333,0.0174458
0.12635,1.3913
0.126367,-0.854845
0.126383,-0.0610604
0.1264,1.77511
0.126417,1.63555
0.126433,-0.684749
0.12645,2.44678
0.126467,1.17759
0.126483,-0.654218
0.1265,-0.0218073
0.126517,1.63991
0.126533,-0.409977
0.12655,0.248603
0.126567,0.902821
0.126583,0.0305302
0.1266,1.59193
0.126617,1.31716
0.126633,1.57449
0.12665,-0.296579
0.126667,1.18632
0.126683,0.837399
0.1267,0.218073
0.126717,0.23988
0.126733,1.85798
0.12675,0.143928
0.126767,-0.62805
0.126783,0.17882
0.1268,0.606242
0.126817,0.148289
0.126833,-0.27041
0.12685,0.348916
0.126867,1.65299
0.126883,0.636773
0.1269,-0.632411
0.126917,2.14584
0.126933,1.41747
0.12695,-0.0697833
0.126967,0.850484
0.126983,0.662941
0.127,0.100313
0.127017,0.580074
0.127033,1.70533
0.12705,0.0348916
0.127067,0.309663
0.127083,1.85798
0.1271,1.45236
0.127117,-1.31716
0.127133,0.86793
0.12715,2.23307
0.127167,-0.885375
0.127183,0.846122
0.1272,1.79692
0.127217,-0.902821
0.127233,0.0654218
0.12725,2.37263
0.127267,1.12526
0.127283,-1.35205
0.1273,1.80128
0.127317,1.086
0.127333,-0.558266
0.12735,0.702194
0.127367,1.38694
0.127383,-1.29971
0.1274,0.846122
0.127417,1.77511
0.127433,-1.70533
0.12745,0.610604
0.127467,1.7882
0.127483,0.226796
0.1275,-0.122121
0.127517,2.10658
0.127533,1.22557
0.12755,0.444868
0.127567,1.72277
0.127583,2.34646
0.1276,0.161374
0.127617,0.606242
0.127633,1.70969
0.12765,1.5614
0.127667,-0.353278
0.127683,-0.505929
0.1277,0.68911
0.127717,0.763255
0.127733,0.662941
0.12775,0.392531
0.127767,0.0872291
0.127783,-0.0785062
0.1278,0.152651
0.127817,0.610604
0.127833,0.4187
0.12785,-0.0130844
0.127867,0.095952
0.127883,0.348916
0.1279,0.693471
0.127917,0.00436146
0.127933,1.45236
0.12795,-0.0741447
0.127967,-0.362001
0.127983,0.676026
0.128,0.776339
0.128017,-1.07728
0.128033,1.12089
0.12805,2.18509
0.128067,-0.431784
0.128083,1.30408
0.1281,1.87106
0.128117,-0.309663
0.128133,0.0130844
0.12815,1.07292
0.128167,-0.0610604
0.128183,0.44923
0.1282,0.994412
0.128217,2.01063
0.128233,-0.566989
0.12825,1.43492
0.128267,1.15142
0.128283,-1.47417
0.1283,-0.200627
0.128317,1.41311
0.128333,-0.667303
0.12835,-0.536459
0.128367,0.636773
0.128383,1.71405
0.1284,-0.370724
0.128417,0.0261687
0.128433,0.815592
0.12845,-0.331471
0.128467,0.0828677
0.128483,2.69974
0.1285,0.789423
0.128517,-0.318386
0.128533,0.780701
0.12855,1.36077
0.128567,-0.955159
0.128583,0.610604
0.1286,1.96266
0.128617,-0.244242
0.128633,-0.423061
0.12865,1.85798
0.128667,-0.405615
0.128683,0.850484
0.1287,0.38817
0.128717,1.38258
0.128733,-0.30094
0.12875,1.05111
0.128767,1.30408
0.128783,0.859207
0.1288,-0.0523375
0.128817,0.231157
0.128833,0.641134
0.12885,-0.0697833
0.128867,-0.0130844
0.128883,0.235519
0.1289,1.94521
0.128917,0.47976
0.128933,1.49598
0.12895,-0.27041
0.128967,0.789423
0.128983,1.64427
0.129,-0.100313
0.129017,-0.492844
0.129033,2.04552
0.12905,-0.833038
0.129067,0.453591
0.129083,0.798146
0.1291,1.448
0.129117,0.4187
0.129133,0.623688
0.12915,0.405615
0.129167,0.580074
0.129183,-0.527736
0.1292,1.36077
0.129217,0.44923
0.129233,0.824315
0.12925,0.942074
0.129267,0.680387
0.129283,1.67916
0.1293,1.46981
0.129317,1.60502
0.129333,-0.244242
0.12935,0.824315
0.129367,1.34769
0.129383,0.0741447
0.1294,1.98446
0.129417,-0.20935
0.129433,0.20935
0.12945,2.25923
0.129467,2.37263
0.129483,-0.396892
0.1295,0.143928
0.129517,0.366362
0.129533,0.226796
0.12955,-0.519013
0.129567,2.24179
0.129583,0.0872291
0.1296,-0.191904
0.129617,1.5614
0.129633,0.109036
0.12965,-0.824315
0.129667,0.30094
0.129683,1.09473
0.1297,-0.20935
0.129717,-0.135205
0.129733,2.00191
0.12975,-0.667303
0.129767,-0.248603
0.129783,0.436146
0.1298,0.27041
0.129817,-1.19068
0.129833,2.06297
0.12985,-0.662941
0.129867,-0.588796
0.129883,0.667303
0.1299,0.606242
0.129917,0.17882
0.129933,0.0872291
0.12995,2.48167
0.129967,-0.0436146
0.129983,-1.48726
0.13,0.894098
0.130017,0.841761
0.130033,-0.553905
0.13005,0.702194
0.130067,1.71841
0.130083,-0.492844
0.1301,-0.322748
0.130117,2.71283
0.130133,0.75017
0.13015,0.213711
0.130167,1.15579
0.130183,1.74458
0.1302,-0.292218
0.130217,-0.148289
0.130233,1.88851
0.13025,-0.335832
0.130267,0.0523375
0.130283,0.706556
0.1303,0.523375
0.130317,2.1502
0.130333,-0.806869
0.13035,-0.370724
0.130367,0.741447
0.130383,-0.279133
0.1304,0.915906
0.130417,0.985689
0.130433,1.64427
0.13045,0.881014
0.130467,-0.0436146
0.130483,0.924629
0.1305,1.53087
0.130517,0.157012
0.130533,-0.0697833
0.13055,0.724002
0.130567,-0.095952
0.130583,0.235519
0.1306,0.963882
0.130617,0.318386
0.130633,-0.226796
0.13065,0.75017
0.130667,0.409977
0.130683,0.671664
0.1307,0.584435
0.130717,1.15579
0.130733,1.03803
0.13075,0.566989
0.130767,0
0.130783,-0.47976
0.1308,1.8667
0.130817,0.732725
0.130833,0.235519
0.13085,0.915906
0.130867,1.32588
0.130883,-0.161374
0.1309,0.693471
0.130917,0.566989
0.130933,-0.130844
0.13095,0.218073
0.130967,0.684749
0.130983,0.593158
0.131,0.549543
0.131017,0.811231
0.131033,0.222434
0.13105,0.566989
0.131067,2.47731
0.131083,1.54396
0.1311,-0.370724
0.131117,0.331471
0.131133,1.84053
0.13115,-0.414338
0.131167,0.440507
0.131183,-0.117759
0.1312,1.77947
0.131217,0.322748
0.131233,-0.0174458
0.13125,0.976966
0.131267,1.06856
0.131283,-0.357639
0.1313,1.086
0.131317,0.536459
0.131333,0.798146
0.13135,-1.13834
0.131367,2.35955
0.131383,-0.453591
0.1314,-0.65858
0.131417,0.937713
0.131433,-0.0697833
0.13145,0.23988
0.131467,0.998773
0.131483,0.204988
0.1315,0.981328
0.131517,-0.279133
0.131533,0.497206
0.13155,0.130844
0.131567,0.920267
0.131583,1.22121
0.1316,1.37386
0.131617,0.379447
0.131633,-0.793785
0.13165,1.81
0.131667,1.23429
0.131683,0.501567
0.1317,1.1427
0.131717,0.122121
0.131733,0.453591
0.13175,-0.235519
0.131767,0.998773
0.131783,-0.593158
0.1318,-0.113398
0.131817,0.92899
0.131833,1.71405
0.13185,-0.0130844
0.131867,-0.340194
0.131883,1.11217
0.1319,1.07292
0.131917,1.09473
0.131933,0.248603
0.13195,1.02494
0.131967,-0.0915906
0.131983,0.340194
0.132,0.811231
0.132017,1.0075
0.132033,0.231157
0.13205,0.348916
0.132067,2.14584
0.132083,0.174458
0.1321,0.588796
0.132117,1.13398
0.132133,0.0174458
0.13215,-0.754532
0.132167,0.545182
0.132183,0.501567
0.1322,-0.143928
0.132217,1.82309
0.132233,2.02372
0.13225,-0.745809
0.132267,-0.117759
0.132283,1.6748
0.1323,-0.662941
0.132317,-0.972605
0.132333,0.641134
0.13235,0.632411
0.132367,0.68911
0.132383,0.392531
0.1324,0.462314
0.132417,0.497206
0.132433,0.0828677
0.13245,1.30844
0.132467,-0.854845
0.132483,1.43056
0.1325,0.566989
0.132517,0.462314
0.132533,-0.23988
0.13255,3.54586
0.132567,1.48726
0.132583,0.0915906
0.1326,1.80128
0.132617,1.52651
0.132633,-0.584435
0.13265,1.11653
0.132667,1.46545
0.132683,-0.514652
0.1327,0.327109
0.132717,1.07728
0.132733,0.00872291
0.13275,0.274772
0.132767,0.610604
0.132783,0.915906
0.1328,1.22121
0.132817,2.23743
0.132833,0.933352
0.13285,0.466676
0.132867,1.8667
0.132883,-0.484122
0.1329,0.505929
0.132917,1.22993
0.132933,-0.353278
0.13295,-0.143928
0.132967,1.05111
0.132983,0.244242
0.133,-0.606242
0.133017,1.42183
0.133033,0.824315
0.13305,0.117759
0.133067,0.174458
0.133083,0.566989
0.1331,1.08164
0.133117,0.218073
0.133133,0.0915906
0.13315,2.06297
0.133167,-0.4187
0.133183,-0.837399
0.1332,1.58757
0.133217,1.12526
0.133233,0.92899
0.13325,0.0523375
0.133267,0.859207
0.133283,-0.348916
0.1333,-0.20935
0.133317,2.58634
0.133333,1.26482
0.13335,0.292218
0.133367,-0.0610604
0.133383,1.0075
0.1334,0.645495
0.133417,0.505929
0.133433,0.484122
0.13345,1.39567
0.133467,1.13398
0.133483,-0.0305302
0.1335,1.00313
0.133517,1.57885
0.133533,-0.0654218
0.13355,-0.226796
0.133567,1.40003
0.133583,-0.837399
0.1336,-1.01622
0.133617,1.0075
0.133633,0.484122
0.13365,-0.148289
0.133667,-0.266049
0.133683,0.863568
0.1337,0.885375
0.133717,-0.0915906
0.133733,0.366362
0.13375,1.9234
0.133767,-0.0348916
0.133783,-0.383808
0.1338,0.89846
0.133817,0.222434
0.133833,-1.62682
0.13385,0.771978
0.133867,0.392531
0.133883,-0.196266
0.1339,0.0261687
0.133917,0.684749
0.133933,-0.122121
0.13395,0.649857
0.133967,2.21998
0.133983,0.274772
0.134,1.16887
0.134017,0.135205
0.134033,-0.00872291
0.13405,0.471037
0.134067,1.91468
0.134083,0.636773
0.1341,-0.558266
0.134117,-0.218073
0.134133,1.02058
0.13415,-0.0305302
0.134167,0.466676
0.134183,1.06856
0.1342,1.24738
0.134217,-1.47853
0.134233,1.02058
0.13425,1.13834
0.134267,0.00872291
0.134283,0.170097
0.1343,1.82309
0.134317,0.514652
0.134333,-0.457953
0.13435,1.14706
0.134367,1.37822
0.134383,0.266049
0.1344,0.702194
0.134417,1.21685
0.134433,1.77075
0.13445,-0.732725
0.134467,-0.100313
0.134483,1.24738
0.1345,-0.0392531
0.134517,0.68911
0.134533,0.68911
0.13455,-0.549543
0.134567,0.593158
0.134583,-0.126482
0.1346,1.46545
0.134617,0.549543
0.134633,0.811231
0.13465,1.67916
0.134667,-0.436146
0.134683,0.911544
0.1347,1.21685
0.134717,-0.562628
0.134733,0.532098
0.13475,2.2287
0.134767,0.972605
0.134783,-0.113398
0.1348,0.955159
0.134817,0.680387
0.134833,-0.318386
0.13485,0.0130844
0.134867,1.27355
0.134883,0.51029
0.1349,0.296579
0.134917,-0.309663
0.134933,1.15142
0.13495,-0.309663
0.134967,0.104675
0.134983,0.0654218
0.135,-0.497206
0.135017,0.601881
0.135033,1.57885
0.13505,-0.505929
0.135067,1.0293
0.135083,0.357639
0.1351,1.09036
0.135117,0.226796
0.135133,0.296579
0.13515,1.66608
0.135167,0.27041
0.135183,-0.122121
0.1352,0.793785
0.135217,0.0915906
0.135233,-0.706556
0.13525,0.161374
0.135267,0.584435
0.135283,0.785062
0.1353,-0.0872291
0.135317,2.76516
0.135333,1.31716
0.13535,0.0305302
0.135367,0.266049
0.135383,0.776339
0.1354,1.48726
0.135417,-0.109036
0.135433,1.3913
0.13545,0.475399
0.135467,0.318386
0.135483,0.684749
0.1355,1.5047
0.135517,-0.706556
0.135533,0.462314
0.13555,0.632411
0.135567,0.946436
0.135583,0.514652
0.1356,0.122121
0.135617,1.03803
0.135633,0.850484
0.13565,-0.104675
0.135667,1.32588
0.135683,1.66608
0.1357,-0.671664
0.135717,1.22993
0.135733,-0.549543
0.13575,-0.335832
0.135767,1.0642
0.135783,1.51779
0.1358,1.19068
0.135817,-0.409977
0.135833,1.91468
0.13585,-0.235519
0.135867,0.841761
0.135883,2.15456
0.1359,-0.0828677
0.135917,-0.545182
0.135933,1.99319
0.13595,1.86234
0.135967,-1.53959
0.135983,0.776339
0.136,1.40439
0.136017,-0.126482
0.136033,-0.741447
0.13605,1.60938
0.136067,-0.453591
0.136083,-0.737086
0.1361,1.77947
0.136117,1.3913
0.136133,0.305302
0.13615,-0.348916
0.136167,1.43492
0.136183,-0.122121
0.1362,0.183181
0.136217,0.244242
0.136233,1.70969
0.13625,-0.0348916
0.136267,1.72277
0.136283,1.90159
0.1363,1.48726
0.136317,-0.623688
0.136333,1.74022
0.13635,1.49598
0.136367,1.47853
0.136383,0.636773
0.1364,0.344555
0.136417,-0.654218
0.136433,1.55268
0.13645,0.23988
0.136467,-0.331471
0.136483,-0.353278
0.1365,-0.00436146
0.136517,1.26482
