0,2.14266
7.32422,0.209855
14.6484,0.143709
21.9727,0.123377
29.2969,0.117728
36.6211,0.0542452
43.9453,0.118451
51.2695,0.140601
58.5938,0.151076
65.918,0.108908
73.2422,0.109523
80.5664,0.0884697
87.8906,0.0617193
95.2148,0.0536839
102.539,0.0969826
109.863,0.0970412
117.188,0.100394
124.512,0.0402034
131.836,0.0854174
139.16,0.0823355
146.484,0.10373
153.809,0.042822
161.133,0.12273
168.457,0.0557839
175.781,0.0676212
183.105,0.0436985
190.43,0.0713664
197.754,0.0472235
205.078,0.0714913
212.402,0.0797418
219.727,0.0884562
227.051,0.0763487
234.375,0.0401179
241.699,0.040298
249.023,0.0581416
256.348,0.0699214
263.672,0.0720598
270.996,0.0579373
278.32,0.0619157
285.645,0.0340525
292.969,0.0510927
300.293,0.0457489
307.617,0.0520244
314.941,0.0430171
322.266,0.0462128
329.59,0.0260224
336.914,0.0132206
344.238,0.00130132
351.563,0.0156166
358.887,0.0269987
366.211,0.0925606
373.535,0.044616
380.859,0.040562
388.184,0.04697
395.508,0.0617982
402.832,0.0512372
410.156,0.03545
417.48,0.11981
424.805,0.0656735
432.129,0.0780586
439.453,0.0538627
446.777,0.0362159
454.102,0.0219637
461.426,0.0152526
468.75,0.0274505
476.074,0.0610473
483.398,0.0590253
490.723,0.0200287
498.047,0.0341226
505.371,0.0462336
512.695,0.0226609
520.02,0.0607556
527.344,0.0326228
534.668,0.0370539
541.992,0.0304799
549.316,0.0488484
556.641,0.0502887
563.965,0.0657512
571.289,0.00132801
578.613,0.0322831
585.938,0.0196755
593.262,0.0388154
600.586,0.0251506
607.91,0.0351315
615.234,0.0828422
622.559,0.0211502
629.883,0.045832
637.207,0.0487528
644.531,0.0232279
651.855,0.0249275
659.18,0.0419869
666.504,0.0390783
673.828,0.0192141
681.152,0.0670437
688.477,0.0681945
695.801,0.0167412
703.125,0.0252887
710.449,0.0175193
717.773,0.021072
725.098,0.00888962
732.422,0.0379872
739.746,0.0104991
747.07,0.019228
754.395,0.050447
761.719,0.0299307
769.043,0.0487468
776.367,0.0249037
783.691,0.0341399
791.016,0.0144653
798.34,0.0315355
805.664,0.035506
812.988,0.0343144
820.313,0.0423628
827.637,0.0677863
834.961,0.0726204
842.285,0.0315996
849.609,0.00843828
856.934,0.0387357
864.258,0.0394706
871.582,0.0488153
878.906,0.042773
886.23,0.0131617
893.555,0.0594379
900.879,0.0368571
908.203,0.0292376
915.527,0.053557
922.852,0.0656817
930.176,0.047458
937.5,0.0155476
944.824,0.0152978
952.148,0.0396307
959.473,0.0108638
966.797,0.0380271
974.121,0.0290396
981.445,0.0589543
988.77,0.0157443
996.094,0.036825
1003.42,0.0430584
1010.74,0.0613852
1018.07,0.0389047
1025.39,0.0814472
1032.71,0.00632204
1040.04,0.0550267
1047.36,0.0509953
1054.69,0.0310016
1062.01,0.0543621
1069.34,0.00824034
1076.66,0.0559702
1083.98,0.0248018
1091.31,0.0324755
1098.63,0.00306606
1105.96,0.0163558
1113.28,0.0162782
1120.61,0.0285202
1127.93,0.0349146
1135.25,0.0204416
1142.58,0.026728
1149.9,0.021222
1157.23,0.0212017
1164.55,0.0222379
1171.88,0.0464931
1179.2,0.0223145
1186.52,0.0422321
1193.85,0.0715397
1201.17,0.0375685
1208.5,0.0724391
1215.82,0.0425825
1223.14,0.0286837
1230.47,0.0763638
1237.79,0.0755148
1245.12,0.0467343
1252.44,0.0490732
1259.77,0.0500728
1267.09,0.0321875
1274.41,0.0381472
1281.74,0.0292246
1289.06,0.0393918
1296.39,0.046726
1303.71,0.0411326
1311.04,0.0245816
1318.36,0.0427265
1325.68,0.0281939
1333.01,0.0411352
1340.33,0.0120662
1347.66,0.010041
1354.98,0.0148737
1362.3,0.0549639
1369.63,0.0239509
1376.95,0.0496571
1384.28,0.0347703
1391.6,0.0324561
1398.93,0.013328
1406.25,0.0671383
1413.57,0.0105427
1420.9,0.0381698
1428.22,0.0317681
1435.55,0.121602
1442.87,0.0852959
1450.2,0.0697514
1457.52,0.0302647
1464.84,0.08471
1472.17,0.0600405
1479.49,0.0320683
1486.82,0.0299777
1494.14,0.0325419
1501.46,0.0565305
1508.79,0.057588
1516.11,0.0526655
1523.44,0.0122569
1530.76,0.0243995
1538.09,0.0484574
1545.41,0.0825589
1552.73,0.0397967
1560.06,0.0558098
1567.38,0.043638
1574.71,0.0357025
1582.03,0.0571375
1589.36,0.0752015
1596.68,0.0743495
1604,0.0537043
1611.33,0.0222919
1618.65,0.0486487
1625.98,0.12356
1633.3,0.120747
1640.63,0.139659
1647.95,0.0344863
1655.27,0.00808172
1662.6,0.0402823
1669.92,0.0411059
1677.25,0.0369383
1684.57,0.0525526
1691.89,0.00583436
1699.22,0.000361382
1706.54,0.023501
1713.87,0.0587014
1721.19,0.0501631
1728.52,0.054572
1735.84,0.196279
1743.16,0.0655868
1750.49,0.0487536
1757.81,0.0117626
1765.14,0.0330943
1772.46,0.00319393
1779.79,0.0702149
1787.11,0.0212635
1794.43,0.0226571
1801.76,0.0247863
1809.08,0.0251239
1816.41,0.0279892
1823.73,0.0701714
1831.05,0.0442314
1838.38,0.072628
1845.7,0.0483196
1853.03,0.0147434
1860.35,0.04477
1867.68,0.0535272
1875,0.0513874
1882.32,0.017211
1889.65,0.029183
1896.97,0.0135475
1904.3,0.0284382
1911.62,0.0526866
1918.95,0.0403586
1926.27,0.0527563
1933.59,0.0452145
1940.92,0.0247949
1948.24,0.0212936
1955.57,0.0330522
1962.89,0.0394953
1970.21,0.0370786
1977.54,0.0284799
1984.86,0.04874
1992.19,0.065726
1999.51,0.0254685
2006.84,0.0372199
2014.16,0.0396435
2021.48,0.0138664
2028.81,0.0344074
2036.13,0.109881
2043.46,0.0854904
2050.78,0.0470489
2058.11,0.0118362
2065.43,0.0338477
2072.75,0.0340765
2080.08,0.051481
2087.4,0.0312772
2094.73,0.0353696
2102.05,0.0610712
2109.38,0.0300738
2116.7,0.0424775
2124.02,0.0586477
2131.35,0.077258
2138.67,0.0614776
2146,0.0367156
2153.32,0.0201349
2160.64,0.0673361
2167.97,0.0848877
2175.29,0.0670306
2182.62,0.0405372
2189.94,0.050809
2197.27,0.0300328
2204.59,0.0590406
2211.91,0.0425781
2219.24,0.0422577
2226.56,0.0140761
2233.89,0.0647542
2241.21,0.00993036
2248.54,0.00635301
2255.86,0.017978
2263.18,0.0235574
2270.51,0.0388168
2277.83,0.0343995
2285.16,0.0322459
2292.48,0.0829125
2299.8,0.0597689
2307.13,0.0563694
2314.45,0.0414493
2321.78,0.0343287
2329.1,0.054327
2336.43,0.013264
2343.75,0.0648855
2351.07,0.0172254
2358.4,0.0370476
2365.72,0.0620942
2373.05,0.0490885
2380.37,0.0360143
2387.7,0.00775392
2395.02,0.0729227
2402.34,0.0350836
2409.67,0.0378068
2416.99,0.0234483
2424.32,0.0279748
2431.64,0.00268111
2438.96,0.0437592
2446.29,0.0114412
2453.61,0.0732808
2460.94,0.0719551
2468.26,0.0521889
2475.59,0.0455876
2482.91,0.00410736
2490.23,0.0399799
2497.56,0.0121271
2504.88,0.0217917
2512.21,0.0436812
2519.53,0.0317563
2526.86,0.0554985
2534.18,0.022495
2541.5,0.0224917
2548.83,0.0279122
2556.15,0.0441757
2563.48,0.0371635
2570.8,0.099885
2578.13,0.0267808
2585.45,0.0216338
2592.77,0.0160557
2600.1,0.0229996
2607.42,0.0173504
2614.75,0.010526
2622.07,0.0362964
2629.39,0.0652615
2636.72,0.0500723
2644.04,0.0713803
2651.37,0.0349083
2658.69,0.0256783
2666.02,0.0587222
2673.34,0.0839693
2680.66,0.0488607
2687.99,0.0284699
2695.31,0.0644425
2702.64,0.0439802
2709.96,0.0217503
2717.29,0.0740084
2724.61,0.00875445
2731.93,0.0227157
2739.26,0.0382308
2746.58,0.0191282
2753.91,0.0290891
2761.23,0.0512388
2768.55,0.0517298
2775.88,0.0585319
2783.2,0.0509508
2790.53,0.11956
2797.85,0.0267126
2805.18,0.0584459
2812.5,0.0368342
2819.82,0.0458468
2827.15,0.0498132
2834.47,0.0283496
2841.8,0.0488515
2849.12,0.0408785
2856.45,0.0653378
2863.77,0.0557389
2871.09,0.0783725
2878.42,0.0300386
2885.74,0.0376163
2893.07,0.0832391
2900.39,0.0349563
2907.71,0.0553235
2915.04,0.0246711
2922.36,0.116555
2929.69,0.107106
2937.01,0.181824
2944.34,0.110621
2951.66,0.025788
2958.98,0.0987087
2966.31,0.0846915
2973.63,0.048881
2980.96,0.0179182
2988.28,0.121504
2995.61,0.0959987
3002.93,0.119778
3010.25,0.0940887
3017.58,0.0170746
3024.9,0.0889641
3032.23,0.0502586
3039.55,0.0879065
3046.88,0.0333859
3054.2,0.050782
3061.52,0.0647406
3068.85,0.119508
3076.17,0.0766009
3083.5,0.0670461
3090.82,0.0475223
3098.14,0.0921889
3105.47,0.0491157
3112.79,0.0527095
3120.12,0.023502
3127.44,0.0242181
3134.77,0.0176117
3142.09,0.0845072
3149.41,0.473889
3156.74,0.0220274
3164.06,0.0278011
3171.39,0.107754
3178.71,0.0401413
3186.04,0.0805143
3193.36,0.0325318
3200.68,0.081818
3208.01,0.073682
3215.33,0.0661787
3222.66,0.0370352
3229.98,0.0842681
3237.3,0.0853394
3244.63,0.160876
3251.95,0.268535
3259.28,0.0151252
3266.6,0.0113578
3273.93,0.100329
3281.25,0.0751073
3288.57,0.0422894
3295.9,0.0386406
3303.22,0.0454759
3310.55,0.0195754
3317.87,0.0228499
3325.2,0.0110583
3332.52,0.049553
3339.84,0.0140238
3347.17,0.047021
3354.49,0.0129927
3361.82,0.0753304
3369.14,0.0586385
3376.46,0.0220135
3383.79,0.0298399
3391.11,0.0369832
3398.44,0.0342124
3405.76,0.0631108
3413.09,0.0452218
3420.41,0.0561704
3427.73,0.0389234
3435.06,0.0185177
3442.38,0.0156371
3449.71,0.0370939
3457.03,0.0194205
3464.36,0.0129004
3471.68,0.028271
3479,0.0140509
3486.33,0.0471825
3493.65,0.0393379
3500.98,0.0168528
3508.3,0.0468224
3515.63,0.040894
3522.95,0.00959928
3530.27,0.0344031
3537.6,0.0588943
3544.92,0.056401
3552.25,0.0260423
3559.57,0.0581994
3566.89,0.0310809
3574.22,0.0100875
3581.54,0.0207436
3588.87,0.0206875
3596.19,0.0494745
3603.52,0.0365977
3610.84,0.021331
3618.16,0.0497003
3625.49,0.093482
3632.81,0.0532508
3640.14,0.0168737
3647.46,0.0254102
3654.79,0.0306608
3662.11,0.0343915
3669.43,0.04203
3676.76,0.0544762
3684.08,0.0444147
3691.41,0.0341857
3698.73,0.00998168
3706.05,0.0317687
3713.38,0.0268809
3720.7,0.0352767
3728.03,0.0340711
3735.35,0.0679918
3742.68,0.0232935
3750,0.0286536
3757.32,0.0211295
3764.65,0.037559
3771.97,0.0461682
3779.3,0.017095
3786.62,0.0356574
3793.95,0.0401469
3801.27,0.0565102
3808.59,0.0317139
3815.92,0.0790656
3823.24,0.0463769
3830.57,0.0425084
3837.89,0.0165665
3845.21,0.0687222
3852.54,0.0308334
3859.86,0.0506666
3867.19,0.0326886
3874.51,0.0194068
3881.84,0.0260352
3889.16,0.0414288
3896.48,0.0265783
3903.81,0.0328279
3911.13,0.008205
3918.46,0.0560971
3925.78,0.0120911
3933.11,0.0321532
3940.43,0.00934421
3947.75,0.0628875
3955.08,0.0350017
3962.4,0.0337224
3969.73,0.0246344
3977.05,0.00732829
3984.38,0.0376336
3991.7,0.0121986
3999.02,0.0315395
4006.35,0.00594527
4013.67,0.0201668
4021,0.0309158
4028.32,0.0304321
4035.64,0.0819177
4042.97,0.0596509
4050.29,0.0362366
4057.62,0.0394366
4064.94,0.0633586
4072.27,0.0177405
4079.59,0.0723751
4086.91,0.0183245
4094.24,0.0341728
4101.56,0.0194829
4108.89,0.0221208
4116.21,0.0130038
4123.54,0.012899
4130.86,0.0222407
4138.18,0.0506884
4145.51,0.0447231
4152.83,0.0393386
4160.16,0.0640892
4167.48,0.0250491
4174.8,0.020456
4182.13,0.0268501
4189.45,0.0310368
4196.78,0.0309491
4204.1,0.0380012
4211.43,0.0214932
4218.75,0.0261243
4226.07,0.017976
4233.4,0.0152886
4240.72,0.00824786
4248.05,0.0670558
4255.37,0.0281416
4262.7,0.0320402
4270.02,0.0234656
4277.34,0.0334509
4284.67,0.0598432
4291.99,0.0312055
4299.32,0.00479824
4306.64,0.0374054
4313.96,0.0207304
4321.29,0.0337528
4328.61,0.0177892
4335.94,0.0408555
4343.26,0.0274889
4350.59,0.0413372
4357.91,0.0173905
4365.23,0.0488091
4372.56,0.0301137
4379.88,0.0277764
4387.21,0.0211891
4394.53,0.0284306
4401.86,0.0379767
4409.18,0.0309206
4416.5,0.0278442
4423.83,0.038324
4431.15,0.0491852
4438.48,0.036155
4445.8,0.0176754
4453.13,0.0257636
4460.45,0.0105908
4467.77,0.0625157
4475.1,0.0171624
4482.42,0.0294523
4489.75,0.0300593
4497.07,0.0727456
4504.39,0.0593366
4511.72,0.0487572
4519.04,0.0144029
4526.37,0.0562575
4533.69,0.0225577
4541.02,0.0540118
4548.34,0.0349285
4555.66,0.0548365
4562.99,0.0293809
4570.31,0.0235787
4577.64,0.0188952
4584.96,0.0584807
4592.29,0.102118
4599.61,0.0106765
4606.93,0.0435865
4614.26,0.0162574
4621.58,0.02344
4628.91,0.00922103
4636.23,0.0531819
4643.55,0.0162806
4650.88,0.0259029
4658.2,0.0708787
4665.53,0.00637494
4672.85,0.0599404
4680.18,0.052254
4687.5,0.0459636
4694.82,0.0141926
4702.15,0.0459766
4709.47,0.0164063
4716.8,0.0151755
4724.12,0.0556462
4731.45,0.0541693
4738.77,0.0279814
4746.09,0.0329262
4753.42,0.0233787
4760.74,0.0421744
4768.07,0.0685435
4775.39,0.036759
4782.71,0.026414
4790.04,0.0312815
4797.36,0.049931
4804.69,0.035128
4812.01,0.0117914
4819.34,0.00953318
4826.66,0.0598291
4833.98,0.0140824
4841.31,0.0759712
4848.63,0.0281513
4855.96,0.00946173
4863.28,0.0243922
4870.61,0.0101654
4877.93,0.0122256
4885.25,0.0245796
4892.58,0.0395213
4899.9,0.0518767
4907.23,0.0599371
4914.55,0.0439696
4921.88,0.0134775
4929.2,0.0220417
4936.52,0.0208589
4943.85,0.0742107
4951.17,0.0169112
4958.5,0.046717
4965.82,0.0194712
4973.14,0.0513916
4980.47,0.0500676
4987.79,0.0658113
4995.12,0.0387539
5002.44,0.0298281
5009.77,0.0177299
5017.09,0.0180428
5024.41,0.0608956
5031.74,0.0202247
5039.06,0.0206453
5046.39,0.0225778
5053.71,0.0180567
5061.04,0.00221438
5068.36,0.0174488
5075.68,0.0350601
5083.01,0.0672652
5090.33,0.0624957
5097.66,0.0185904
5104.98,0.0579918
5112.3,0.0282867
5119.63,0.0598791
5126.95,0.0518736
5134.28,0.0253379
5141.6,0.00577277
5148.93,0.0437666
5156.25,0.0550574
5163.57,0.0502325
5170.9,0.0537637
5178.22,0.0432104
5185.55,0.0856474
5192.87,0.0262025
5200.2,0.0523281
5207.52,0.0169995
5214.84,0.0394538
5222.17,0.0671962
5229.49,0.024351
5236.82,0.0241621
5244.14,0.00987962
5251.46,0.0453854
5258.79,0.0271622
5266.11,0.0304849
5273.44,0.0434731
5280.76,0.021373
5288.09,0.0374946
5295.41,0.0250367
5302.73,0.0382195
5310.06,0.0278184
5317.38,0.0218373
5324.71,0.0304573
5332.03,0.0108391
5339.36,0.0316594
5346.68,0.025174
5354,0.0201749
5361.33,0.0237092
5368.65,0.0183521
5375.98,0.0326428
5383.3,0.00919503
5390.63,0.0511533
5397.95,0.020348
5405.27,0.0305881
5412.6,0.0366649
5419.92,0.0358114
5427.25,0.0252961
5434.57,0.00497714
5441.89,0.0269934
5449.22,0.0317119
5456.54,0.0659313
5463.87,0.0140814
5471.19,0.0438712
5478.52,0.0304599
5485.84,0.017006
5493.16,0.0463981
5500.49,0.026193
5507.81,0.021695
5515.14,0.0198462
5522.46,0.0344986
5529.79,0.0331487
5537.11,0.0233507
5544.43,0.0374704
5551.76,0.0242603
5559.08,0.0362028
5566.41,0.0496854
5573.73,0.0410676
5581.05,0.0591771
5588.38,0.076771
5595.7,0.0264357
5603.03,0.0290311
5610.35,0.0419427
5617.68,0.0664739
5625,0.0500848
5632.32,0.0192082
5639.65,0.0173619
5646.97,0.0404768
5654.3,0.0283519
5661.62,0.0245485
5668.95,0.0231765
5676.27,0.0314317
5683.59,0.055789
5690.92,0.0430098
5698.24,0.0661082
5705.57,0.00967432
5712.89,0.0205281
5720.21,0.0495945
5727.54,0.0299946
5734.86,0.0387102
5742.19,0.0357944
5749.51,0.0371834
5756.84,0.0311814
5764.16,0.0487851
5771.48,0.0269379
5778.81,0.0205583
5786.13,0.0606212
5793.46,0.0151305
5800.78,0.0298607
5808.11,0.0300321
5815.43,0.0171128
5822.75,0.0311581
5830.08,0.0168665
5837.4,0.0328587
5844.73,0.0190252
5852.05,0.0124438
5859.38,0.0504595
5866.7,0.0377484
5874.02,0.0142754
5881.35,0.066849
5888.67,0.0468579
5896,0.0561785
5903.32,0.0442607
5910.64,0.0286847
5917.97,0.0110171
5925.29,0.0205602
5932.62,0.0646812
5939.94,0.0419696
5947.27,0.0166418
5954.59,0.0462164
5961.91,0.0670061
5969.24,0.00746509
5976.56,0.0463749
5983.89,0.00923774
5991.21,0.0318358
5998.54,0.0587258
6005.86,0.0609123
6013.18,0.0380761
6020.51,0.0417167
6027.83,0.0501332
6035.16,0.0277949
6042.48,0.04812
6049.8,0.011956
6057.13,0.0393873
6064.45,0.03323
6071.78,0.0319813
6079.1,0.023122
6086.43,0.0342126
6093.75,0.0590405
6101.07,0.00931737
6108.4,0.068477
6115.72,0.0444041
6123.05,0.0732536
6130.37,0.0252698
6137.7,0.0244199
6145.02,0.0168111
6152.34,0.0360581
6159.67,0.0413839
6166.99,0.0516887
6174.32,0.0181324
6181.64,0.0323904
6188.96,0.0379282
6196.29,0.0259438
6203.61,0.0620195
6210.94,0.0629702
6218.26,0.0190354
6225.59,0.0533413
6232.91,0.0406087
6240.23,0.040558
6247.56,0.0662846
6254.88,0.0316915
6262.21,0.029357
6269.53,0.02973
6276.86,0.0264459
6284.18,0.0333004
6291.5,0.033295
6298.83,0.0427612
6306.15,0.0487836
6313.48,0.0562048
6320.8,0.0443575
6328.13,0.034612
6335.45,0.0110264
6342.77,0.0438687
6350.1,0.0110872
6357.42,0.0318273
6364.75,0.0399424
6372.07,0.0343861
6379.39,0.00560846
6386.72,0.0370033
6394.04,0.0928782
6401.37,0.0181536
6408.69,0.0387761
6416.02,0.0223751
6423.34,0.0541299
6430.66,0.0612044
6437.99,0.00326026
6445.31,0.0197617
6452.64,0.0820342
6459.96,0.0208345
6467.29,0.0176876
6474.61,0.0478795
6481.93,0.0369453
6489.26,0.00245264
6496.58,0.0286865
6503.91,0.0461705
6511.23,0.0406865
6518.55,0.0768616
6525.88,0.072642
6533.2,0.0445498
6540.53,0.0479737
6547.85,0.019668
6555.18,0.0396394
6562.5,0.0539254
6569.82,0.072711
6577.15,0.0108549
6584.47,0.0736379
6591.8,0.0274733
6599.12,0.035068
6606.45,0.0471812
6613.77,0.0480792
6621.09,0.00264371
6628.42,0.0597633
6635.74,0.0273514
6643.07,0.0613052
6650.39,0.0267129
6657.71,0.0529528
6665.04,0.0881521
6672.36,0.00995022
6679.69,0.0336717
6687.01,0.0350476
6694.34,0.051137
6701.66,0.0327322
6708.98,0.0587569
6716.31,0.0551071
6723.63,0.0109204
6730.96,0.0752772
6738.28,0.0568265
6745.61,0.0746742
6752.93,0.0303505
6760.25,0.040342
6767.58,0.0463643
6774.9,0.0618103
6782.23,0.0321309
6789.55,0.0346455
6796.88,0.0434768
6804.2,0.0549015
6811.52,0.02399
6818.85,0.0270007
6826.17,0.0262615
6833.5,0.0375859
6840.82,0.0227717
6848.14,0.058076
6855.47,0.0406404
6862.79,0.031025
6870.12,0.0388391
6877.44,0.0454745
6884.77,0.0115471
6892.09,0.0398472
6899.41,0.0324186
6906.74,0.0482175
6914.06,0.0243521
6921.39,0.00462495
6928.71,0.0676854
6936.04,0.0120173
6943.36,0.0609303
6950.68,0.0661974
6958.01,0.02081
6965.33,0.0571642
6972.66,0.0369136
6979.98,0.0256609
6987.3,0.0470027
6994.63,0.00664035
7001.95,0.0291281
7009.28,0.0156222
7016.6,0.0192136
7023.93,0.0317102
7031.25,0.0284513
7038.57,0.0356537
7045.9,0.0278821
7053.22,0.0574654
7060.55,0.0388918
7067.87,0.0190449
7075.2,0.0482464
7082.52,0.0208428
7089.84,0.0539109
7097.17,0.0262911
7104.49,0.0206696
7111.82,0.0170079
7119.14,0.0163201
7126.46,0.086988
7133.79,0.0154808
7141.11,0.0282055
7148.44,0.0450837
7155.76,0.0828573
7163.09,0.0462588
7170.41,0.0337109
7177.73,0.00475754
7185.06,0.0250983
7192.38,0.0232903
7199.71,0.0261581
7207.03,0.0538323
7214.36,0.0343845
7221.68,0.0128065
7229,0.0668798
7236.33,0.0373055
7243.65,0.0138167
7250.98,0.0414153
7258.3,0.0309696
7265.63,0.0939283
7272.95,0.0462205
7280.27,0.00555739
7287.6,0.0499294
7294.92,0.0444849
7302.25,0.0539365
7309.57,0.0216474
7316.89,0.017475
7324.22,0.0669886
7331.54,0.0552753
7338.87,0.0283588
7346.19,0.0138943
7353.52,0.0643787
7360.84,0.0155222
7368.16,0.029925
7375.49,0.0117429
7382.81,0.0428629
7390.14,0.0463504
7397.46,0.0364131
7404.79,0.0449266
7412.11,0.0250338
7419.43,0.0265272
7426.76,0.0295669
7434.08,0.086316
7441.41,0.0399501
7448.73,0.055072
7456.05,0.0134595
7463.38,0.00847464
7470.7,0.0388561
7478.03,0.0483037
7485.35,0.0319339
7492.68,0.0481384
7500,0.0348246
7507.32,0.0346866
7514.65,0.0564361
7521.97,0.0550267
7529.3,0.0152447
7536.62,0.00977916
7543.95,0.0254029
7551.27,0.021991
7558.59,0.0131675
7565.92,0.0461678
7573.24,0.058141
7580.57,0.07819
7587.89,0.064308
7595.21,0.0519242
7602.54,0.0294996
7609.86,0.0363869
7617.19,0.0220613
7624.51,0.0335389
7631.84,0.0292978
7639.16,0.0369229
7646.48,0.0690567
7653.81,0.0252521
7661.13,0.0332001
7668.46,0.0217768
7675.78,0.0651504
7683.11,0.0235602
7690.43,0.0393096
7697.75,0.0469552
7705.08,0.0541852
7712.4,0.0904812
7719.73,0.0255305
7727.05,0.0596992
7734.38,0.0106372
7741.7,0.0288046
7749.02,0.0222166
7756.35,0.0463029
7763.67,0.0711016
7771,0.0483318
7778.32,0.0128642
7785.64,0.028246
7792.97,0.00661045
7800.29,0.0141532
7807.62,0.0387609
7814.94,0.0318177
7822.27,0.0562379
7829.59,0.0120073
7836.91,0.0365319
7844.24,0.043894
7851.56,0.0377366
7858.89,0.0179111
7866.21,0.0238178
7873.54,0.0284244
7880.86,0.0769421
7888.18,0.0216125
7895.51,0.0545536
7902.83,0.0211611
7910.16,0.0292204
7917.48,0.0228491
7924.8,0.0258311
7932.13,0.0163436
7939.45,0.0481368
7946.78,0.0286682
7954.1,0.0197203
7961.43,0.0577861
7968.75,0.0408413
7976.07,0.0482326
7983.4,0.0615195
7990.72,0.0284647
7998.05,0.0404617
8005.37,0.0731112
8012.7,0.0644492
8020.02,0.0697123
8027.34,0.00888743
8034.67,0.0244953
8041.99,0.0634637
8049.32,0.0770996
8056.64,0.0401138
8063.96,0.0230988
8071.29,0.0366203
8078.61,0.0555601
8085.94,0.00916847
8093.26,0.0376569
8100.59,0.0225829
8107.91,0.0323594
8115.23,0.0546318
8122.56,0.023524
8129.88,0.0480045
8137.21,0.0443159
8144.53,0.00810228
8151.86,0.0337611
8159.18,0.0322579
8166.5,0.00703506
8173.83,0.0277467
8181.15,0.0202645
8188.48,0.0223747
8195.8,0.0464376
8203.13,0.0265696
8210.45,0.0233329
8217.77,0.00664689
8225.1,0.00933934
8232.42,0.0224936
8239.75,0.0330169
8247.07,0.0353923
8254.39,0.0585938
8261.72,0.0131173
8269.04,0.0329692
8276.37,0.0070002
8283.69,0.0122663
8291.02,0.0106998
8298.34,0.0151504
8305.66,0.0671394
8312.99,0.0414807
8320.31,0.00702457
8327.64,0.0366899
8334.96,0.0423329
8342.29,0.0687568
8349.61,0.0347854
8356.93,0.00511891
8364.26,0.0613907
8371.58,0.0373005
8378.91,0.028831
8386.23,0.0244974
8393.55,0.0369388
8400.88,0.0218867
8408.2,0.0629099
8415.53,0.0236167
8422.85,0.0109505
8430.18,0.00841762
8437.5,0.0293207
8444.82,0.0420395
8452.15,0.0121829
8459.47,0.0315503
8466.8,0.0231086
8474.12,0.00735309
8481.45,0.0391313
8488.77,0.0531977
8496.09,0.0157329
8503.42,0.0558593
8510.74,0.0590182
8518.07,0.0721537
8525.39,0.0684011
8532.71,0.0482297
8540.04,0.0662082
8547.36,0.0393351
8554.69,0.0138209
8562.01,0.0648053
8569.34,0.0590555
8576.66,0.0265409
8583.98,0.0291104
8591.31,0.0319415
8598.63,0.0847659
8605.96,0.0253568
8613.28,0.0491964
8620.61,0.0396242
8627.93,0.0720484
8635.25,0.0235059
8642.58,0.0210253
8649.9,0.0366985
8657.23,0.00280121
8664.55,0.00781955
8671.88,0.0312309
8679.2,0.0431181
8686.52,0.015052
8693.85,0.0436591
8701.17,0.00466702
8708.5,0.076633
8715.82,0.017629
8723.14,0.030373
8730.47,0.0136009
8737.79,0.0228171
8745.12,0.0325635
8752.44,0.0419573
8759.77,0.027729
8767.09,0.0435081
8774.41,0.0337225
8781.74,0.0610015
8789.06,0.0372183
8796.39,0.0676266
8803.71,0.0430456
8811.04,0.032059
8818.36,0.00618611
8825.68,0.0535464
8833.01,0.0459515
8840.33,0.0172811
8847.66,0.0371362
8854.98,0.0433129
8862.3,0.0163433
8869.63,0.0801435
8876.95,0.0445657
8884.28,0.0566322
8891.6,0.0459562
8898.93,0.0375439
8906.25,0.057557
8913.57,0.0167487
8920.9,0.0476524
8928.22,0.0287845
8935.55,0.0424206
8942.87,0.0858929
8950.2,0.0766286
8957.52,0.0165635
8964.84,0.0132896
8972.17,0.0139242
8979.49,0.0628052
8986.82,0.0756816
8994.14,0.00538127
9001.46,0.0410822
9008.79,0.0162455
9016.11,0.027663
9023.44,0.0774124
9030.76,0.0622215
9038.09,0.0509344
9045.41,0.0381514
9052.73,0.0451768
9060.06,0.0187086
9067.38,0.0422086
9074.71,0.0652931
9082.03,0.0573125
9089.36,0.0300402
9096.68,0.0548125
9104,0.0326088
9111.33,0.0551569
9118.65,0.0519191
9125.98,0.0859513
9133.3,0.0676677
9140.63,0.0361333
9147.95,0.0764151
9155.27,0.0275119
9162.6,0.0309856
9169.92,0.0607841
9177.25,0.0162713
9184.57,0.0509414
9191.89,0.0171816
9199.22,0.0138175
9206.54,0.0807832
9213.87,0.0305823
9221.19,0.0553721
9228.52,0.0507682
9235.84,0.0446617
9243.16,0.0366869
9250.49,0.0573948
9257.81,0.023156
9265.14,0.0623947
9272.46,0.0140339
9279.79,0.051849
9287.11,0.101283
9294.43,0.0541353
9301.76,0.0631031
9309.08,0.0382644
9316.41,0.0454726
9323.73,0.0436949
9331.05,0.0301807
9338.38,0.0402689
9345.7,0.0778729
9353.03,0.0240079
9360.35,0.0436688
9367.68,0.00154855
9375,0.0519978
9382.32,0.0528306
9389.65,0.0260618
9396.97,0.0247081
9404.3,0.100552
9411.62,0.0327475
9418.95,0.0512021
9426.27,0.0520371
9433.59,0.0403451
9440.92,0.0326128
9448.24,0.0256214
9455.57,0.035487
9462.89,0.0399815
9470.21,0.0189917
9477.54,0.0246144
9484.86,0.021289
9492.19,0.00316762
9499.51,0.0386692
9506.84,0.0421303
9514.16,0.0271459
9521.48,0.0167945
9528.81,0.0259509
9536.13,0.0356506
9543.46,0.04498
9550.78,0.0325088
9558.11,0.0528179
9565.43,0.0525741
9572.75,0.0212423
9580.08,0.042014
9587.4,0.0292511
9594.73,0.00839818
9602.05,0.0666722
9609.38,0.0436929
9616.7,0.0395187
9624.02,0.0236972
9631.35,0.0353901
9638.67,0.00660573
9646,0.0255052
9653.32,0.0369562
9660.64,0.0327407
9667.97,0.00719448
9675.29,0.0501172
9682.62,0.0463196
9689.94,0.0333828
9697.27,0.0341336
9704.59,0.0363422
9711.91,0.0219891
9719.24,0.0252394
9726.56,0.0668278
9733.89,0.0521545
9741.21,0.0186827
9748.54,0.0707907
9755.86,0.0243652
9763.18,0.0680458
9770.51,0.0309131
9777.83,0.0188807
9785.16,0.0373105
9792.48,0.0337928
9799.8,0.00863564
9807.13,0.0562946
9814.45,0.0229035
9821.78,0.0324879
9829.1,0.0334341
9836.43,0.0154194
9843.75,0.0360089
9851.07,0.0275958
9858.4,0.0286188
9865.72,0.0625265
9873.05,0.0505667
9880.37,0.0634916
9887.7,0.0126275
9895.02,0.0183491
9902.34,0.0129932
9909.67,0.0629608
9916.99,0.0462391
9924.32,0.0309799
9931.64,0.0268902
9938.96,0.0213339
9946.29,0.0331755
9953.61,0.0710656
9960.94,0.0292558
9968.26,0.0333385
9975.59,0.0484452
9982.91,0.0940316
9990.23,0.0149206
9997.56,0.0365123
10004.9,0.065151
10012.2,0.0352105
10019.5,0.0321322
10026.9,0.066698
10034.2,0.0475618
10041.5,0.0259883
10048.8,0.024315
10056.2,0.0202808
10063.5,0.0254954
10070.8,0.0535435
10078.1,0.0615948
10085.4,0.0262963
10092.8,0.0370832
10100.1,0.0462492
10107.4,0.028303
10114.7,0.045703
10122.1,0.0426678
10129.4,0.0431129
10136.7,0.0895495
10144,0.0388417
10151.4,0.0119241
10158.7,0.0321372
10166,0.0267688
10173.3,0.0449043
10180.7,0.0357909
10188,0.0496554
10195.3,0.0487505
10202.6,0.0379807
10210,0.0343456
10217.3,0.0532649
10224.6,0.0412764
10231.9,0.0395438
10239.3,0.0679219
10246.6,0.00369108
10253.9,0.0313971
10261.2,0.00852775
10268.6,0.028278
10275.9,0.0244369
10283.2,0.0252377
10290.5,0.0101809
10297.9,0.0878372
10305.2,0.0546747
10312.5,0.00243968
10319.8,0.0446276
10327.1,0.0438448
10334.5,0.0426032
10341.8,0.0301127
10349.1,0.0503706
10356.4,0.00886641
10363.8,0.0465699
10371.1,0.0549572
10378.4,0.0478987
10385.7,0.035758
10393.1,0.0654043
10400.4,0.0547605
10407.7,0.0562077
10415,0.00629554
10422.4,0.111631
10429.7,0.0244755
10437,0.0773835
10444.3,0.0265633
10451.7,0.043624
10459,0.0668544
10466.3,0.0224965
10473.6,0.0479246
10481,0.055869
10488.3,0.0399671
10495.6,0.0757898
10502.9,0.0328848
10510.3,0.0664023
10517.6,0.036518
10524.9,0.0380324
10532.2,0.0132618
10539.6,0.0567575
10546.9,0.0716264
10554.2,0.021207
10561.5,0.0317232
10568.8,0.041281
10576.2,0.0220514
10583.5,0.019644
10590.8,0.0156862
10598.1,0.0137987
10605.5,0.0447884
10612.8,0.0539382
10620.1,0.0483326
10627.4,0.0396876
10634.8,0.0158263
10642.1,0.0385235
10649.4,0.080654
10656.7,0.0696203
10664.1,0.0420145
10671.4,0.0751225
10678.7,0.0396276
10686,0.0520364
10693.4,0.0260663
10700.7,0.0163164
10708,0.0715801
10715.3,0.0230241
10722.7,0.033142
10730,0.0292712
10737.3,0.0400085
10744.6,0.0201554
10752,0.0809056
10759.3,0.0303531
10766.6,0.00222828
10773.9,0.0313879
10781.3,0.0277256
10788.6,0.055304
10795.9,0.0321725
10803.2,0.072812
10810.5,0.0247159
10817.9,0.0169646
10825.2,0.0650293
10832.5,0.0682199
10839.8,0.0344545
10847.2,0.12312
10854.5,0.0301577
10861.8,0.0469157
10869.1,0.0273737
10876.5,0.031575
10883.8,0.0292934
10891.1,0.111611
10898.4,0.0360014
10905.8,0.0377498
10913.1,0.0195296
10920.4,0.066429
10927.7,0.00617676
10935.1,0.0241451
10942.4,0.0182011
10949.7,0.0677508
10957,0.0240766
10964.4,0.0543699
10971.7,0.035857
10979,0.0326308
10986.3,0.064496
10993.7,0.0378488
11001,0.026686
11008.3,0.0990635
11015.6,0.0157047
11022.9,0.0892099
11030.3,0.0412929
11037.6,0.0643268
11044.9,0.0183557
11052.2,0.0191113
11059.6,0.0790009
11066.9,0.0809698
11074.2,0.0604126
11081.5,0.0479415
11088.9,0.026577
11096.2,0.00853146
11103.5,0.0363604
11110.8,0.0610429
11118.2,0.0282095
11125.5,0.0757392
11132.8,0.00947439
11140.1,0.0238982
11147.5,0.0232516
11154.8,0.0437212
11162.1,0.0151788
11169.4,0.0107329
11176.8,0.0437607
11184.1,0.0383535
11191.4,0.0652838
11198.7,0.0555842
11206.1,0.0311675
11213.4,0.0685898
11220.7,0.0676178
11228,0.0362069
11235.4,0.0834603
11242.7,0.00397075
11250,0.0410133
11257.3,0.0398862
11264.6,0.0422813
11272,0.0762857
11279.3,0.0518532
11286.6,0.0171344
11293.9,0.0451364
11301.3,0.0345711
11308.6,0.0310171
11315.9,0.00751819
11323.2,0.0378518
11330.6,0.0244519
11337.9,0.0130738
11345.2,0.0436225
11352.5,0.0308628
11359.9,0.0671829
11367.2,0.0609795
11374.5,0.039135
11381.8,0.0205614
11389.2,0.00605673
11396.5,0.00852306
11403.8,0.0777054
11411.1,0.0360955
11418.5,0.0236575
11425.8,0.0245074
11433.1,0.0361079
11440.4,0.0480765
11447.8,0.0589642
11455.1,0.0159041
11462.4,0.0181708
11469.7,0.0290476
11477.1,0.0676179
11484.4,0.0413381
11491.7,0.0298753
11499,0.0730358
11506.3,0.0437013
11513.7,0.044046
11521,0.0367782
11528.3,0.0345816
11535.6,0.0252446
11543,0.0358733
11550.3,0.0253674
11557.6,0.0123161
11564.9,0.0435278
11572.3,0.0347395
11579.6,0.00736071
11586.9,0.0181914
11594.2,0.0238217
11601.6,0.0357305
11608.9,0.039212
11616.2,0.0166044
11623.5,0.0195822
11630.9,0.0247834
11638.2,0.023266
11645.5,0.0392929
11652.8,0.0661029
11660.2,0.0453462
11667.5,0.0638698
11674.8,0.024139
11682.1,0.0350204
11689.5,0.0365653
11696.8,0.0134749
11704.1,0.0265916
11711.4,0.0480982
11718.8,0.0285483
11726.1,0.0370593
11733.4,0.0221685
11740.7,0.0295679
11748,0.027639
11755.4,0.0307161
11762.7,0.0126285
11770,0.0106243
11777.3,0.0188134
11784.7,0.0435043
11792,0.0401897
11799.3,0.0245324
11806.6,0.00378205
11814,0.0501342
11821.3,0.0386883
11828.6,0.0999578
11835.9,0.0809642
11843.3,0.0224812
11850.6,0.02919
11857.9,0.0155283
11865.2,0.0161567
11872.6,0.0541704
11879.9,0.0401495
11887.2,0.00299643
11894.5,0.0871899
11901.9,0.0524304
11909.2,0.0188087
11916.5,0.0338105
11923.8,0.00500767
11931.2,0.0585604
11938.5,0.0259229
11945.8,0.00714499
11953.1,0.029801
11960.4,0.0186929
11967.8,0.0258024
11975.1,0.0127459
11982.4,0.0606074
11989.7,0.0192815
11997.1,0.118368
12004.4,0.0646398
12011.7,0.0640464
12019,0.0518665
12026.4,0.0393637
12033.7,0.0731675
12041,0.0411118
12048.3,0.0904834
12055.7,0.0631196
12063,0.102372
12070.3,0.0419687
12077.6,0.0776962
12085,0.0290508
12092.3,0.0611843
12099.6,0.0252531
12106.9,0.0236576
12114.3,0.0435367
12121.6,0.0249557
12128.9,0.0570727
12136.2,0.0351619
12143.6,0.0454487
12150.9,0.0380869
12158.2,0.0270164
12165.5,0.0536894
12172.9,0.0145995
12180.2,0.0681023
12187.5,0.0473342
12194.8,0.0667861
12202.1,0.0429337
12209.5,0.0274168
12216.8,0.00875542
12224.1,0.0153682
12231.4,0.048825
12238.8,0.0293803
12246.1,0.0649448
12253.4,0.0715994
12260.7,0.0543438
12268.1,0.0443364
12275.4,0.0640437
12282.7,0.0170878
12290,0.041238
12297.4,0.0497117
12304.7,0.0286551
12312,0.0862522
12319.3,0.0628659
12326.7,0.0360195
12334,0.0361253
12341.3,0.090695
12348.6,0.0247379
12356,0.00942726
12363.3,0.0242017
12370.6,0.02307
12377.9,0.0646688
12385.3,0.013524
12392.6,0.0124175
12399.9,0.0420697
12407.2,0.0354887
12414.6,0.029249
12421.9,0.049152
12429.2,0.0674953
12436.5,0.00576768
12443.8,0.0178535
12451.2,0.010128
12458.5,0.00557659
12465.8,0.0414221
12473.1,0.0377248
12480.5,0.0125452
12487.8,0.03403
12495.1,0.031609
12502.4,0.0106262
12509.8,0.0172366
12517.1,0.0173669
12524.4,0.0357289
12531.7,0.0410332
12539.1,0.0368423
12546.4,0.0346621
12553.7,0.0150808
12561,0.0330638
12568.4,0.0143483
12575.7,0.064188
12583,0.0248608
12590.3,0.0162163
12597.7,0.022789
12605,0.0137185
12612.3,0.0391303
12619.6,0.0283205
12627,0.0532508
12634.3,0.0600376
12641.6,0.0597521
12648.9,0.0317207
12656.3,0.0394873
12663.6,0.033948
12670.9,0.0326628
12678.2,0.0509224
12685.5,0.0426085
12692.9,0.0218831
12700.2,0.0814905
12707.5,0.00881718
12714.8,0.0589701
12722.2,0.0553698
12729.5,0.0286265
12736.8,0.0490459
12744.1,0.0427624
12751.5,0.0213737
12758.8,0.0558013
12766.1,0.0426493
12773.4,0.0812402
12780.8,0.0398529
12788.1,0.0450386
12795.4,0.00527388
12802.7,0.0384084
12810.1,0.0406217
12817.4,0.0378145
12824.7,0.0696837
12832,0.0412988
12839.4,0.0171597
12846.7,0.0185247
12854,0.0231439
12861.3,0.00965575
12868.7,0.0459333
12876,0.0950353
12883.3,0.081789
12890.6,0.0421273
12897.9,0.0157446
12905.3,0.0277672
12912.6,0.0140541
12919.9,0.0336509
12927.2,0.0516578
12934.6,0.0418047
12941.9,0.0448896
12949.2,0.0473575
12956.5,0.0177982
12963.9,0.0272169
12971.2,0.0252324
12978.5,0.0302854
12985.8,0.0450689
12993.2,0.0175441
13000.5,0.0227196
13007.8,0.0300013
13015.1,0.0272923
13022.5,0.0528052
13029.8,0.0178059
13037.1,0.0331098
13044.4,0.0357172
13051.8,0.013545
13059.1,0.0460594
13066.4,0.0199412
13073.7,0.0243001
13081.1,0.0369278
13088.4,0.060971
13095.7,0.0296758
13103,0.037904
13110.4,0.0283754
13117.7,0.00817058
13125,0.0947489
13132.3,0.0219927
13139.6,0.0373648
13147,0.0226429
13154.3,0.0208751
13161.6,0.0130189
13168.9,0.0234782
13176.3,0.0351705
13183.6,0.0392434
13190.9,0.0221402
13198.2,0.0258476
13205.6,0.0726994
13212.9,0.0285385
13220.2,0.0225639
13227.5,0.0779515
13234.9,0.0270087
13242.2,0.033396
13249.5,0.0309557
13256.8,0.0368721
13264.2,0.07583
13271.5,0.0712359
13278.8,0.0475486
13286.1,0.0370105
13293.5,0.0160346
13300.8,0.0353096
13308.1,0.0362219
13315.4,0.0385087
13322.8,0.0242132
13330.1,0.0502123
13337.4,0.0699377
13344.7,0.0666443
13352.1,0.0439165
13359.4,0.0329279
13366.7,0.0522081
13374,0.00724415
13381.3,0.0248348
13388.7,0.031039
13396,0.0381528
13403.3,0.0465629
13410.6,0.0513716
13418,0.0137285
13425.3,0.0340105
13432.6,0.0315786
13439.9,0.0392214
13447.3,0.0544873
13454.6,0.0300122
13461.9,0.0902963
13469.2,0.0678723
13476.6,0.0409618
13483.9,0.0490995
13491.2,0.0158558
13498.5,0.0531498
13505.9,0.0283326
13513.2,0.0206925
13520.5,0.0459875
13527.8,0.0181018
13535.2,0.0491658
13542.5,0.0360418
13549.8,0.0487269
13557.1,0.0486843
13564.5,0.0446351
13571.8,0.0480075
13579.1,0.0377204
13586.4,0.0152268
13593.8,0.0561814
13601.1,0.0390146
13608.4,0.0609885
13615.7,0.0442627
13623,0.0369043
13630.4,0.0194019
13637.7,0.056623
13645,0.0452345
13652.3,0.0907921
13659.7,0.00975181
13667,0.0304961
13674.3,0.031583
13681.6,0.0470016
13689,0.0183858
13696.3,0.0388726
13703.6,0.0327405
13710.9,0.036233
13718.3,0.0520864
13725.6,0.0103179
13732.9,0.074936
13740.2,0.0642371
13747.6,0.039481
13754.9,0.063756
13762.2,0.0123322
13769.5,0.0479594
13776.9,0.03927
13784.2,0.0165214
13791.5,0.0120898
13798.8,0.0104849
13806.2,0.0404804
13813.5,0.0345222
13820.8,0.0504445
13828.1,0.00835899
13835.4,0.0202631
13842.8,0.050478
13850.1,0.0173703
13857.4,0.0189752
13864.7,0.0478262
13872.1,0.0158624
13879.4,0.0318364
13886.7,0.0341938
13894,0.0391242
13901.4,0.059877
13908.7,0.0351618
13916,0.0769576
13923.3,0.0539706
13930.7,0.0344694
13938,0.00665198
13945.3,0.0771011
13952.6,0.0211143
13960,0.00872752
13967.3,0.0741371
13974.6,0.0647937
13981.9,0.0371433
13989.3,0.0526276
13996.6,0.0492922
14003.9,0.0953318
14011.2,0.0316571
14018.6,0.0218252
14025.9,0.00353315
14033.2,0.0441297
14040.5,0.0457937
14047.9,0.0182027
14055.2,0.0500915
14062.5,0.0516354
14069.8,0.0383888
14077.1,0.0532233
14084.5,0.0508869
14091.8,0.0560697
14099.1,0.0553881
14106.4,0.0710072
14113.8,0.0295486
14121.1,0.0513689
14128.4,0.0193123
14135.7,0.0551104
14143.1,0.0322547
14150.4,0.00256791
14157.7,0.0642518
14165,0.023504
14172.4,0.00845312
14179.7,0.0329833
14187,0.0479584
14194.3,0.0181057
14201.7,0.0785312
14209,0.0142339
14216.3,0.021947
14223.6,0.0473531
14231,0.0294667
14238.3,0.081472
14245.6,0.00702054
14252.9,0.120935
14260.3,0.0322633
14267.6,0.0476853
14274.9,0.0935801
14282.2,0.0482104
14289.6,0.083073
14296.9,0.0426427
14304.2,0.0533062
14311.5,0.113177
14318.8,0.0673778
14326.2,0.115117
14333.5,0.0539557
14340.8,0.051448
14348.1,0.063747
14355.5,0.0634301
14362.8,0.0299559
14370.1,0.0650999
14377.4,0.0463162
14384.8,0.0691212
14392.1,0.0393716
14399.4,0.0386876
14406.7,0.0978784
14414.1,0.0372691
14421.4,0.0127697
14428.7,0.0450188
14436,0.0233335
14443.4,0.0718016
14450.7,0.0873594
14458,0.0396529
14465.3,0.0735136
14472.7,0.033453
14480,0.0505838
14487.3,0.0675311
14494.6,0.0254141
14502,0.0258513
14509.3,0.0380581
14516.6,0.0262709
14523.9,0.0158102
14531.3,0.0649941
14538.6,0.00653063
14545.9,0.0516177
14553.2,0.0290051
14560.5,0.0139424
14567.9,0.0140234
14575.2,0.0481816
14582.5,0.0173875
14589.8,0.0819267
14597.2,0.0682468
14604.5,0.010725
14611.8,0.0765316
14619.1,0.00550567
14626.5,0.0816021
14633.8,0.0417454
14641.1,0.0750126
14648.4,0.022801
14655.8,0.0543631
14663.1,0.0130821
14670.4,0.0305044
14677.7,0.0195497
14685.1,0.0501541
14692.4,0.0497781
14699.7,0.0464438
14707,0.0715437
14714.4,0.0325476
14721.7,0.108283
14729,0.0350334
14736.3,0.0554993
14743.7,0.046084
14751,0.0835441
14758.3,0.00743414
14765.6,0.059525
14772.9,0.0460512
14780.3,0.0815897
14787.6,0.0206014
14794.9,0.0400348
14802.2,0.0651151
14809.6,0.0270301
14816.9,0.0537215
14824.2,0.0190471
14831.5,0.0665005
14838.9,0.0492181
14846.2,0.0705743
14853.5,0.0719683
14860.8,0.0568342
14868.2,0.0188661
14875.5,0.0327029
14882.8,0.0271756
14890.1,0.0994067
14897.5,0.0450763
14904.8,0.0110532
14912.1,0.0391849
14919.4,0.079157
14926.8,0.0869561
14934.1,0.0695288
14941.4,0.140272
14948.7,0.0964915
14956.1,0.118337
14963.4,0.0230085
14970.7,0.0741525
14978,0.0699193
14985.4,0.0593475
14992.7,0.0620266
15000,0.150064
15007.3,0.109115
15014.6,0.146918
15022,0.0462135
15029.3,0.0940639
15036.6,0.0838559
15043.9,0.0243041
15051.3,0.0385809
15058.6,0.051964
15065.9,0.0817786
15073.2,0.0727616
15080.6,0.0858238
15087.9,0.0185972
15095.2,0.0365621
15102.5,0.0707627
15109.9,0.0639466
15117.2,0.119164
15124.5,0.0639383
15131.8,0.067977
15139.2,0.10727
15146.5,0.0997344
15153.8,0.0895469
15161.1,0.0497938
15168.5,0.0770426
15175.8,0.0669307
15183.1,0.0370258
15190.4,0.0426559
15197.8,0.0546407
15205.1,0.0366174
15212.4,0.0410037
15219.7,0.0322559
15227.1,0.10809
15234.4,0.11075
15241.7,0.0602889
15249,0.0498286
15256.3,0.0656116
15263.7,0.0403778
15271,0.0527061
15278.3,0.0854014
15285.6,0.0329325
15293,0.0499265
15300.3,0.0181237
15307.6,0.0396376
15314.9,0.0410363
15322.3,0.0551192
15329.6,0.0449576
15336.9,0.0415884
15344.2,0.0764884
15351.6,0.0921078
15358.9,0.0524421
15366.2,0.0359254
15373.5,0.0637635
15380.9,0.0324326
15388.2,0.0426116
15395.5,0.062881
15402.8,0.0544031
15410.2,0.0752464
15417.5,0.065363
15424.8,0.0411797
15432.1,0.03725
15439.5,0.0380464
15446.8,0.0206012
15454.1,0.0336241
15461.4,0.0423327
15468.8,0.030084
15476.1,0.0154754
15483.4,0.0811146
15490.7,0.0887577
15498,0.0132725
15505.4,0.0160176
15512.7,0.0393994
15520,0.0415966
15527.3,0.0166046
15534.7,0.112232
15542,0.0564998
15549.3,0.0713173
15556.6,0.026425
15564,0.0829398
15571.3,0.0392626
15578.6,0.0553441
15585.9,0.0822866
15593.3,0.0202388
15600.6,0.0445171
15607.9,0.039288
15615.2,0.0784153
15622.6,0.0569676
15629.9,0.0581751
15637.2,0.0349854
15644.5,0.0732165
15651.9,0.0392254
15659.2,0.0653757
15666.5,0.0866193
15673.8,0.0144542
15681.2,0.040428
15688.5,0.0592264
15695.8,0.025803
15703.1,0.0118025
15710.4,0.0878482
15717.8,0.014928
15725.1,0.0603935
15732.4,0.0442255
15739.7,0.079611
15747.1,0.0183884
15754.4,0.0266236
15761.7,0.0279449
15769,0.0420642
15776.4,0.0304518
15783.7,0.0571552
15791,0.0156313
15798.3,0.0163027
15805.7,0.0659342
15813,0.0379259
15820.3,0.0234146
15827.6,0.0384283
15835,0.0617019
15842.3,0.0378525
15849.6,0.100047
15856.9,0.049584
15864.3,0.060114
15871.6,0.0524624
15878.9,0.0716288
15886.2,0.0180948
15893.6,0.0832916
15900.9,0.0766027
15908.2,0.0691309
15915.5,0.0624986
15922.9,0.052296
15930.2,0.03171
15937.5,0.0322457
15944.8,0.0154408
15952.1,0.0863718
15959.5,0.0428165
15966.8,0.0938946
15974.1,0.0545006
15981.4,0.0997097
15988.8,0.0313059
15996.1,0.0905774
16003.4,0.0352837
16010.7,0.0333232
16018.1,0.0104168
16025.4,0.0832162
16032.7,0.0308725
16040,0.0654789
16047.4,0.0879539
16054.7,0.0431839
16062,0.0777885
16069.3,0.0851824
16076.7,0.0449718
16084,0.102581
16091.3,0.0599202
16098.6,0.0420621
16106,0.0682097
16113.3,0.0562177
16120.6,0.0725652
16127.9,0.0949712
16135.3,0.0309631
16142.6,0.0246756
16149.9,0.0204833
16157.2,0.0841768
16164.6,0.0322337
16171.9,0.0490365
16179.2,0.0405085
16186.5,0.0579548
16193.8,0.0502612
16201.2,0.0525181
16208.5,0.030917
16215.8,0.0356776
16223.1,0.00590226
16230.5,0.0288601
16237.8,0.0525639
16245.1,0.0407385
16252.4,0.0800107
16259.8,0.0738874
16267.1,0.0435263
16274.4,0.0270415
16281.7,0.0730404
16289.1,0.0300045
16296.4,0.0704417
16303.7,0.0448885
16311,0.0578875
16318.4,0.0760611
16325.7,0.0391442
16333,0.0522751
16340.3,0.0135397
16347.7,0.0283704
16355,0.0230611
16362.3,0.0719644
16369.6,0.0961052
16377,0.0695664
16384.3,0.0486267
16391.6,0.0107916
16398.9,0.0291681
16406.3,0.0578176
16413.6,0.0687866
16420.9,0.0446963
16428.2,0.0679184
16435.5,0.0542321
16442.9,0.021293
16450.2,0.0460552
16457.5,0.0527124
16464.8,0.0313957
16472.2,0.0798794
16479.5,0.0314836
16486.8,0.0116866
16494.1,0.0312593
16501.5,0.0272353
16508.8,0.0797317
16516.1,0.0388261
16523.4,0.0925654
16530.8,0.0306504
16538.1,0.0641408
16545.4,0.0529239
16552.7,0.00879831
16560.1,0.0389327
16567.4,0.0666709
16574.7,0.0185453
16582,0.0961683
16589.4,0.0107273
16596.7,0.0786712
16604,0.049203
16611.3,0.0333345
16618.7,0.00857238
16626,0.0491266
16633.3,0.140178
16640.6,0.0646808
16647.9,0.0703391
16655.3,0.0575155
16662.6,0.0676699
16669.9,0.0304535
16677.2,0.0887036
16684.6,0.0414834
16691.9,0.0540357
16699.2,0.0772655
16706.5,0.0761237
16713.9,0.0391733
16721.2,0.0224368
16728.5,0.0762757
16735.8,0.0790979
16743.2,0.0889361
16750.5,0.0232987
16757.8,0.0253256
16765.1,0.102248
16772.5,0.028398
16779.8,0.0337946
16787.1,0.0760603
16794.4,0.0705765
16801.8,0.0833304
16809.1,0.100173
16816.4,0.0379639
16823.7,0.212427
16831.1,0.231886
16838.4,0.103755
16845.7,0.0633486
16853,0.0159445
16860.4,0.0155797
16867.7,0.10243
16875,0.083974
16882.3,0.0196268
16889.6,0.133387
16897,0.0430461
16904.3,0.0402744
16911.6,0.0775657
16918.9,0.0185365
16926.3,0.0460173
16933.6,0.0619363
16940.9,0.0788193
16948.2,0.0490935
16955.6,0.0316995
16962.9,0.0677311
16970.2,0.113977
16977.5,0.120822
16984.9,0.135656
16992.2,0.0594447
16999.5,0.0480056
17006.8,0.0842437
17014.2,0.10444
17021.5,0.0184215
17028.8,0.032514
17036.1,0.0813917
17043.5,0.0438442
17050.8,0.0411126
17058.1,0.0801865
17065.4,0.113915
17072.8,0.0693491
17080.1,0.0941597
17087.4,0.0868183
17094.7,0.0423877
17102.1,0.0247112
17109.4,0.00815695
17116.7,0.0732991
17124,0.0567646
17131.3,0.0392525
17138.7,0.07023
17146,0.0654142
17153.3,0.0587985
17160.6,0.0171953
17168,0.053056
17175.3,0.0440682
17182.6,0.0458444
17189.9,0.082051
17197.3,0.0753948
17204.6,0.0701397
17211.9,0.0867098
17219.2,0.0900744
17226.6,0.128817
17233.9,0.121793
17241.2,0.0414043
17248.5,0.0590293
17255.9,0.0363449
17263.2,0.0152093
17270.5,0.179134
17277.8,0.0441764
17285.2,0.0450259
17292.5,0.0797887
17299.8,0.0645518
17307.1,0.0162668
17314.5,0.160154
17321.8,0.0468
17329.1,0.060903
17336.4,0.0979705
17343.8,0.141501
17351.1,0.014028
17358.4,0.0669704
17365.7,0.111978
17373,0.0777139
17380.4,0.0993831
17387.7,0.118489
17395,0.0502388
17402.3,0.0474017
17409.7,0.116011
17417,0.0762339
17424.3,0.0299437
17431.6,0.109732
17439,0.0401275
17446.3,0.145493
17453.6,0.105544
17460.9,0.104363
17468.3,0.0756099
17475.6,0.026084
17482.9,0.0536639
17490.2,0.092106
17497.6,0.0628555
17504.9,0.0241829
17512.2,0.121648
17519.5,0.066673
17526.9,0.120932
17534.2,0.0183582
17541.5,0.0417996
17548.8,0.10041
17556.2,0.121103
17563.5,0.0155673
17570.8,0.0408852
17578.1,0.132158
17585.4,0.0808366
17592.8,0.114283
17600.1,0.106663
17607.4,0.0269326
17614.7,0.148999
17622.1,0.0856974
17629.4,0.121821
17636.7,0.102804
17644,0.111483
17651.4,0.080587
17658.7,0.0861757
17666,0.11601
17673.3,0.18179
17680.7,0.0795328
17688,0.29869
17695.3,0.245418
17702.6,0.128625
17710,0.184491
17717.3,0.369118
17724.6,0.719926
17731.9,0.118794
17739.3,0.714004
17746.6,0.123522
17753.9,0.297057
17761.2,0.423661
17768.6,0.342177
17775.9,0.107437
17783.2,0.14591
17790.5,0.178094
17797.9,0.135205
17805.2,0.0767469
17812.5,0.0974325
17819.8,0.111052
17827.1,0.133658
17834.5,0.116989
17841.8,0.12632
17849.1,0.125545
17856.4,0.0271032
17863.8,0.0660738
17871.1,0.131968
17878.4,0.0581318
17885.7,0.140397
17893.1,0.0132998
17900.4,0.0510274
17907.7,0.0812181
17915,0.0647746
17922.4,0.0815543
17929.7,0.188309
17937,0.108322
17944.3,0.0774797
17951.7,0.0255865
17959,0.0530014
17966.3,0.13084
17973.6,0.0480339
17981,0.0794351
17988.3,0.0860635
17995.6,0.0885112
18002.9,0.0404577
18010.3,0.0800669
18017.6,0.0925493
18024.9,0.0788206
18032.2,0.104991
18039.6,0.0855005
18046.9,0.075056
18054.2,0.124904
18061.5,0.161906
18068.8,0.1961
18076.2,0.0276155
18083.5,0.0849463
18090.8,0.0720201
18098.1,0.0265327
18105.5,0.0533668
18112.8,0.155931
18120.1,0.0695227
18127.4,0.104393
18134.8,0.105358
18142.1,0.0811992
18149.4,0.0618969
18156.7,0.205878
18164.1,0.105884
18171.4,0.067762
18178.7,0.181366
18186,0.0493511
18193.4,0.100586
18200.7,0.127064
18208,0.12779
18215.3,0.13873
18222.7,0.191304
18230,0.121995
18237.3,0.0813875
18244.6,0.0421269
18252,0.146298
18259.3,0.0454789
18266.6,0.135566
18273.9,0.0476494
18281.3,0.183334
18288.6,0.124214
18295.9,0.0849692
18303.2,0.0838816
18310.5,0.246523
18317.9,0.0381368
18325.2,0.125254
18332.5,0.0739808
18339.8,0.114549
18347.2,0.0246563
18354.5,0.18902
18361.8,0.0725719
18369.1,0.023825
18376.5,0.181441
18383.8,0.116572
18391.1,0.161007
18398.4,0.164862
18405.8,0.176871
18413.1,0.0214633
18420.4,0.226444
18427.7,0.174811
18435.1,0.110616
18442.4,0.141632
18449.7,0.106577
18457,0.0907672
18464.4,0.0779594
18471.7,0.133001
18479,0.200561
18486.3,0.315548
18493.7,0.0557138
18501,0.136108
18508.3,0.220563
18515.6,0.0939381
18522.9,0.190066
18530.3,0.0893856
18537.6,0.213132
18544.9,0.146866
18552.2,0.126812
18559.6,0.126846
18566.9,0.24786
18574.2,0.165208
18581.5,0.11493
18588.9,0.0884928
18596.2,0.424162
18603.5,0.107017
18610.8,0.176304
18618.2,0.104595
18625.5,0.133681
18632.8,0.133954
18640.1,0.255009
18647.5,0.219857
18654.8,0.0222941
18662.1,0.142515
18669.4,0.0736397
18676.8,0.138049
18684.1,0.223781
18691.4,0.257828
18698.7,0.184774
18706.1,0.0795336
18713.4,0.169459
18720.7,0.194382
18728,0.131258
18735.4,0.216823
18742.7,0.234563
18750,0.149176
18757.3,0.200922
18764.6,0.0662192
18772,0.137811
18779.3,0.139303
18786.6,0.239606
18793.9,0.0515628
18801.3,0.628998
18808.6,0.0815381
18815.9,0.21567
18823.2,0.389805
18830.6,0.189938
18837.9,0.0826739
18845.2,0.244172
18852.5,0.185182
18859.9,0.0356181
18867.2,0.0814076
18874.5,1.09373
18881.8,0.0595312
18889.2,0.0962537
18896.5,0.2129
18903.8,0.103933
18911.1,0.0837205
18918.5,0.135846
18925.8,0.0796906
18933.1,0.100921
18940.4,0.102899
18947.8,0.18964
18955.1,0.0933135
18962.4,0.0871153
18969.7,0.185704
18977.1,0.0798791
18984.4,0.0682315
18991.7,0.0393416
18999,0.0555187
19006.3,0.0691808
19013.7,0.0165561
19021,0.151881
19028.3,0.0878582
19035.6,0.109607
19043,0.0487157
19050.3,0.133771
19057.6,0.0758013
19064.9,0.0961146
19072.3,0.116241
19079.6,0.0714894
19086.9,0.132283
19094.2,0.0204115
19101.6,0.0619337
19108.9,0.0378755
19116.2,0.0965895
19123.5,0.102115
19130.9,0.0391309
19138.2,0.0593555
19145.5,0.0609458
19152.8,0.080986
19160.2,0.0690156
19167.5,0.0611656
19174.8,0.0781517
19182.1,0.16551
19189.5,0.0141177
19196.8,0.162454
19204.1,0.0739907
19211.4,0.0686659
19218.8,0.0725279
19226.1,0.0672894
19233.4,0.0358468
19240.7,0.059924
19248,0.115606
19255.4,0.0714916
19262.7,0.109845
19270,0.0654379
19277.3,0.104753
19284.7,0.0669838
19292,0.0675389
19299.3,0.0133335
19306.6,0.0648318
19314,0.064659
19321.3,0.0489477
19328.6,0.0724678
19335.9,0.0571899
19343.3,0.00464981
19350.6,0.04113
19357.9,0.0367487
19365.2,0.0409453
19372.6,0.0259343
19379.9,0.107559
19387.2,0.113037
19394.5,0.0596227
19401.9,0.0549312
19409.2,0.0564895
19416.5,0.0838581
19423.8,0.0372818
19431.2,0.0718685
19438.5,0.0893335
19445.8,0.0545958
19453.1,0.0546834
19460.4,0.0883726
19467.8,0.0741875
19475.1,0.0910233
19482.4,0.0247835
19489.7,0.00249966
19497.1,0.0374899
19504.4,0.0530939
19511.7,0.0077709
19519,0.0983283
19526.4,0.042702
19533.7,0.0211083
19541,0.00496742
19548.3,0.0520355
19555.7,0.0380889
19563,0.0701412
19570.3,0.0387133
19577.6,0.0901372
19585,0.0523969
19592.3,0.0653211
19599.6,0.043295
19606.9,0.0576958
19614.3,0.0468065
19621.6,0.0320774
19628.9,0.0125681
19636.2,0.0580964
19643.6,0.0570683
19650.9,0.0248351
19658.2,0.0250366
19665.5,0.0475893
19672.9,0.087662
19680.2,0.0336536
19687.5,0.0459088
19694.8,0.0163271
19702.1,0.00576477
19709.5,0.018423
19716.8,0.0297807
19724.1,0.0393044
19731.4,0.0247904
19738.8,0.100097
19746.1,0.0223082
19753.4,0.0427039
19760.7,0.0428871
19768.1,0.474651
19775.4,0.295668
19782.7,0.0172355
19790,0.0247176
19797.4,0.0384889
19804.7,0.0170141
19812,0.068696
19819.3,0.0049635
19826.7,0.0357438
19834,0.0187462
19841.3,0.0153107
19848.6,0.0281626
19856,0.0632913
19863.3,0.0753012
19870.6,0.0635503
19877.9,0.0425264
19885.3,0.0184168
19892.6,0.0286971
19899.9,0.0542932
19907.2,0.0269441
19914.6,0.0658837
19921.9,0.0346164
19929.2,0.0473273
19936.5,0.0293767
19943.8,0.342781
19951.2,0.0203763
19958.5,0.00193411
19965.8,0.0249415
19973.1,0.0609236
19980.5,0.0807777
19987.8,0.0444662
19995.1,0.0632481
20002.4,0.0311467
20009.8,0.0457795
20017.1,0.0202789
20024.4,0.0356172
20031.7,0.0464489
20039.1,0.0573964
20046.4,0.0869029
20053.7,0.0189203
20061,0.0251459
20068.4,0.057917
20075.7,0.0675537
20083,0.0934541
20090.3,0.0157667
20097.7,0.0400479
20105,0.0685622
20112.3,0.048881
20119.6,0.0247855
20127,0.0264075
20134.3,0.0234182
20141.6,0.0666551
20148.9,0.0522436
20156.3,0.069587
20163.6,0.348487
20170.9,0.0408987
20178.2,0.244851
20185.5,0.0750924
20192.9,0.069506
20200.2,0.0477298
20207.5,0.0273133
20214.8,0.0199753
20222.2,0.0997052
20229.5,0.0239128
20236.8,0.0444088
20244.1,0.073779
20251.5,0.0679891
20258.8,0.0796848
20266.1,0.0437478
20273.4,0.0726879
20280.8,0.0729367
20288.1,0.0576174
20295.4,0.0371092
20302.7,0.0209754
20310.1,0.0502555
20317.4,0.0661619
20324.7,0.0382732
20332,0.0667877
20339.4,0.0398065
20346.7,0.084949
20354,0.0444123
20361.3,0.0781318
20368.7,0.0197565
20376,0.0317614
20383.3,0.0186015
20390.6,0.0157234
20397.9,0.0607767
20405.3,0.026576
20412.6,0.0743028
20419.9,0.0188985
20427.2,0.00908394
20434.6,0.0242666
20441.9,0.0599597
20449.2,0.0341194
20456.5,0.0641914
20463.9,0.0280782
20471.2,0.0703596
20478.5,0.0181878
20485.8,0.0257179
20493.2,0.0589552
20500.5,0.0349979
20507.8,0.0196053
20515.1,0.0195146
20522.5,0.0485461
20529.8,0.0194951
20537.1,0.0253252
20544.4,0.0447033
20551.8,0.0222775
20559.1,0.00737502
20566.4,0.0380329
20573.7,0.0395108
20581.1,0.0801753
20588.4,0.0694481
20595.7,0.0640986
20603,0.089297
20610.4,0.0962562
20617.7,0.0688118
20625,0.0503548
20632.3,0.0692766
20639.6,0.0730784
20647,0.0311205
20654.3,0.0544633
20661.6,0.051936
20668.9,0.0323007
20676.3,0.0495922
20683.6,0.0126183
20690.9,0.051409
20698.2,0.0417986
20705.6,0.0675603
20712.9,0.0376693
20720.2,0.0686817
20727.5,0.0154617
20734.9,0.0678768
20742.2,0.0690907
20749.5,0.0341912
20756.8,0.126276
20764.2,0.0547078
20771.5,0.0211477
20778.8,0.0739066
20786.1,0.0229157
20793.5,0.0917739
20800.8,0.0272825
20808.1,0.0537735
20815.4,0.0772198
20822.8,0.0857663
20830.1,0.144735
20837.4,0.0278683
20844.7,0.000786947
20852.1,0.101397
20859.4,0.0800043
20866.7,0.030128
20874,0.0387682
20881.3,0.055833
20888.7,0.0577182
20896,0.0687687
20903.3,0.17129
20910.6,0.159308
20918,0.0723606
20925.3,0.0291265
20932.6,0.049242
20939.9,0.0697887
20947.3,0.106882
20954.6,0.0484592
20961.9,0.069896
20969.2,0.0875579
20976.6,0.0305922
20983.9,0.0980895
20991.2,0.168529
20998.5,0.0956011
21005.9,0.0931106
21013.2,0.0973134
21020.5,0.174239
21027.8,0.0743505
21035.2,0.00688601
21042.5,0.13473
21049.8,0.113725
21057.1,0.00856111
21064.5,0.040814
21071.8,0.205512
21079.1,0.178826
21086.4,0.0373924
21093.8,0.0557507
21101.1,0.019895
21108.4,0.0248155
21115.7,0.0273524
21123,0.106493
21130.4,0.0492343
21137.7,0.0499123
21145,0.110742
21152.3,0.0877627
21159.7,0.156191
21167,0.07719
21174.3,0.0809703
21181.6,0.0872809
21189,0.0204949
21196.3,0.0584211
21203.6,0.0326697
21210.9,0.0367424
21218.3,0.0293142
21225.6,0.0244541
21232.9,0.0577326
21240.2,0.0323698
21247.6,0.0464644
21254.9,0.0331878
21262.2,0.0171275
21269.5,0.0780574
21276.9,0.0520925
21284.2,0.0143457
21291.5,0.015295
21298.8,0.0596238
21306.2,0.0529807
21313.5,0.0372599
21320.8,0.0573012
21328.1,0.0273026
21335.4,0.0550437
21342.8,0.0336646
21350.1,0.0172306
21357.4,0.0555427
21364.7,0.0403662
21372.1,0.0184816
21379.4,0.0715663
21386.7,0.0615558
21394,0.0248756
21401.4,0.0619242
21408.7,0.0511292
21416,0.0340324
21423.3,0.0683464
21430.7,0.0290687
21438,0.0681556
21445.3,0.0155601
21452.6,0.0426363
21460,0.0327962
21467.3,0.0271539
21474.6,0.0347586
21481.9,0.0149301
21489.3,0.0155451
21496.6,0.0242611
21503.9,0.00379732
21511.2,0.0579043
21518.6,0.0292207
21525.9,0.0649773
21533.2,0.0772199
21540.5,0.0880181
21547.9,0.0352723
21555.2,0.0460567
21562.5,0.0774482
21569.8,0.0202789
21577.1,0.0344411
21584.5,0.0801748
21591.8,0.0514448
21599.1,0.0225675
21606.4,0.0183272
21613.8,0.0211982
21621.1,0.0847013
21628.4,0.0155875
21635.7,0.0458632
21643.1,0.0475835
21650.4,0.0266652
21657.7,0.0127806
21665,0.0378775
21672.4,0.0595158
21679.7,0.00865322
21687,0.063943
21694.3,0.0312559
21701.7,0.0156879
21709,0.0292346
21716.3,0.0496173
21723.6,0.0598374
21731,0.0254514
21738.3,0.00611598
21745.6,0.0391702
21752.9,0.0719869
21760.3,0.0270463
21767.6,0.0160494
21774.9,0.044174
21782.2,0.0370775
21789.6,0.0740106
21796.9,0.0277347
21804.2,0.046813
21811.5,0.0175382
21818.8,0.0377103
21826.2,0.0502708
21833.5,0.042131
21840.8,0.0348283
21848.1,0.0470616
21855.5,0.0414848
21862.8,0.0207175
21870.1,0.0865729
21877.4,0.033428
21884.8,0.0635666
21892.1,0.0631022
21899.4,0.0382597
21906.7,0.01358
21914.1,0.0995253
21921.4,0.0864421
21928.7,0.0446725
21936,0.0573129
21943.4,0.0962598
21950.7,0.0472712
21958,0.068068
21965.3,0.0292795
21972.7,0.0517854
21980,0.0591069
21987.3,0.0200806
21994.6,0.0435807
22002,0.0175569
22009.3,0.0676768
22016.6,0.070546
22023.9,0.0445029
22031.3,0.0640163
22038.6,0.0539512
22045.9,0.118976
22053.2,0.0445411
22060.5,0.0607699
22067.9,0.033585
22075.2,0.0215738
22082.5,0.0397518
22089.8,0.0286883
22097.2,0.0300759
22104.5,0.043457
22111.8,0.0111039
22119.1,0.0168275
22126.5,0.00634543
22133.8,0.0390297
22141.1,0.0448983
22148.4,0.0267255
22155.8,0.0127169
22163.1,0.015871
22170.4,0.0321896
22177.7,0.0282558
22185.1,0.0499901
22192.4,0.0130684
22199.7,0.0179522
22207,0.0402148
22214.4,0.055703
22221.7,0.0306014
22229,0.108125
22236.3,0.00382131
22243.7,0.0501311
22251,0.0117381
22258.3,0.0438195
22265.6,0.0326901
22272.9,0.0152889
22280.3,0.0657288
22287.6,0.0546523
22294.9,0.0506792
22302.2,0.0636509
22309.6,0.0353147
22316.9,0.0526683
22324.2,0.0379094
22331.5,0.0153036
22338.9,0.0114116
22346.2,0.0287471
22353.5,0.0755202
22360.8,0.0174203
22368.2,0.0114046
22375.5,0.0220914
22382.8,0.0311733
22390.1,0.031538
22397.5,0.0450049
22404.8,0.0203919
22412.1,0.0278356
22419.4,0.0226375
22426.8,0.060753
22434.1,0.0266188
22441.4,0.0674137
22448.7,0.039647
22456.1,0.0419856
22463.4,0.0159327
22470.7,0.0342015
22478,0.0216184
22485.4,0.0360227
22492.7,0.0201321
22500,0.0229544
22507.3,0.0243052
22514.6,0.0912217
22522,0.0975528
22529.3,0.0220653
22536.6,0.033898
22543.9,0.0457666
22551.3,0.0571741
22558.6,0.022994
22565.9,0.11216
22573.2,0.0404382
22580.6,0.059751
22587.9,0.0804545
22595.2,0.0744731
22602.5,0.052048
22609.9,0.0375848
22617.2,0.0301722
22624.5,0.00490065
22631.8,0.0501392
22639.2,0.040806
22646.5,0.0256391
22653.8,0.0614942
22661.1,0.0895068
22668.5,0.0496859
22675.8,0.063338
22683.1,0.0634179
22690.4,0.0193571
22697.8,0.0310087
22705.1,0.0661062
22712.4,0.0192326
22719.7,0.0585258
22727.1,0.0508208
22734.4,0.0661778
22741.7,0.0230661
22749,0.0110413
22756.3,0.0425984
22763.7,0.0381379
22771,0.0294987
22778.3,0.014232
22785.6,0.00610537
22793,0.0353618
22800.3,0.0270211
22807.6,0.0188742
22814.9,0.0499398
22822.3,0.111623
22829.6,0.0727079
22836.9,0.0703919
22844.2,0.0214528
22851.6,0.0241917
22858.9,0.042402
22866.2,0.0384058
22873.5,0.0415874
22880.9,0.0190403
22888.2,0.0443571
22895.5,0.0392005
22902.8,0.0363797
22910.2,0.0644711
22917.5,0.0203145
22924.8,0.0448704
22932.1,0.0396266
22939.5,0.0114461
22946.8,0.0539505
22954.1,0.0410053
22961.4,0.0264908
22968.8,0.0606631
22976.1,0.050936
22983.4,0.0702408
22990.7,0.0155048
22998,0.0688162
23005.4,0.0730424
23012.7,0.0763811
23020,0.0272319
23027.3,0.0223329
23034.7,0.0669674
23042,0.0269839
23049.3,0.0492447
23056.6,0.0368729
23064,0.0183868
23071.3,0.0348599
23078.6,0.0243858
23085.9,0.0294701
23093.3,0.0115968
23100.6,0.0355112
23107.9,0.0604034
23115.2,0.0222896
23122.6,0.0451147
23129.9,0.0382261
23137.2,0.065404
23144.5,0.0250981
23151.9,0.0400532
23159.2,0.0373151
23166.5,0.09138
23173.8,0.0631836
23181.2,0.0435116
23188.5,0.0277296
23195.8,0.0162749
23203.1,0.0386063
23210.4,0.0492345
23217.8,0.0227771
23225.1,0.0278919
23232.4,0.0504567
23239.7,0.0337067
23247.1,0.022061
23254.4,0.064369
23261.7,0.0248288
23269,0.113475
23276.4,0.00216247
23283.7,0.12035
23291,0.0597608
23298.3,0.0508755
23305.7,0.0749555
23313,0.10776
23320.3,0.032462
23327.6,0.099642
23335,0.0544489
23342.3,0.104033
23349.6,0.0360399
23356.9,0.0226006
23364.3,0.0272795
23371.6,0.0321195
23378.9,0.0515097
23386.2,0.0554064
23393.6,0.0780564
23400.9,0.0223719
23408.2,0.0925846
23415.5,0.0488276
23422.9,0.0295716
23430.2,0.0737178
23437.5,0.0245737
23444.8,0.0119457
23452.1,0.0227676
23459.5,0.0398609
23466.8,0.0314826
23474.1,0.0437669
23481.4,0.0682909
23488.8,0.426008
23496.1,0.0673866
23503.4,0.111917
23510.7,0.0545514
23518.1,0.0306838
23525.4,0.0472965
23532.7,0.0302078
23540,0.121266
23547.4,0.0366495
23554.7,0.0916448
23562,0.0649658
23569.3,0.0743655
23576.7,0.069016
23584,0.0180739
23591.3,0.079809
23598.6,0.00675525
23606,0.0270064
23613.3,0.0182336
23620.6,0.0273158
23627.9,0.0279903
23635.3,0.0663047
23642.6,0.0208259
23649.9,0.0474584
23657.2,0.0694158
23664.6,0.0624925
23671.9,0.0336285
23679.2,0.0527516
23686.5,0.0265631
23693.8,0.0469914
23701.2,0.0124749
23708.5,0.0356545
23715.8,0.00914465
23723.1,0.0342017
23730.5,0.0555309
23737.8,0.0421203
23745.1,0.0436725
23752.4,0.0474491
23759.8,0.0806344
23767.1,0.0551238
23774.4,0.0294776
23781.7,0.00862882
23789.1,0.101402
23796.4,0.064412
23803.7,0.133881
23811,0.0697201
23818.4,0.112852
23825.7,0.0407799
23833,0.0331264
23840.3,0.0133866
23847.7,0.0236479
23855,0.0357232
23862.3,0.0634857
23869.6,0.0351858
23877,0.00380969
23884.3,0.0167977
23891.6,0.0555676
23898.9,0.0251378
23906.3,0.0438658
23913.6,0.0433856
23920.9,0.0299345
23928.2,0.035613
23935.5,0.0862881
23942.9,0.0719823
23950.2,0.0884093
23957.5,0.0812211
23964.8,0.0409833
23972.2,0.0968152
23979.5,0.00829578
23986.8,0.0655283
23994.1,0.0174095
24001.5,0.0472585
24008.8,0.0189584
24016.1,0.0494367
24023.4,0.0392872
24030.8,0.0631111
24038.1,0.0506333
24045.4,0.0258452
24052.7,0.0744923
24060.1,0.0264287
24067.4,0.0378285
24074.7,0.0369289
24082,0.0358108
24089.4,0.0144326
24096.7,0.057526
24104,0.0702968
24111.3,0.0422948
24118.7,0.0460375
24126,0.0552229
24133.3,0.0162335
24140.6,0.0438981
24147.9,0.0153662
24155.3,0.030991
24162.6,0.0264699
24169.9,0.0483885
24177.2,0.0603379
24184.6,0.0436436
24191.9,0.0456822
24199.2,0.0523237
24206.5,0.0663943
24213.9,0.0321144
24221.2,0.0535614
24228.5,0.0181918
24235.8,0.0478139
24243.2,0.0682328
24250.5,0.0458143
24257.8,0.0572331
24265.1,0.045813
24272.5,0.0177546
24279.8,0.020807
24287.1,0.0563316
24294.4,0.02134
24301.8,0.0637767
24309.1,0.0245298
24316.4,0.0498393
24323.7,0.0216412
24331.1,0.0224336
24338.4,0.0148536
24345.7,0.0763691
24353,0.0330199
24360.4,0.0241173
24367.7,0.0383451
24375,0.0113728
24382.3,0.063768
24389.6,0.015161
24397,0.0346444
24404.3,0.030766
24411.6,0.0219469
24418.9,0.0345813
24426.3,0.0388573
24433.6,0.07361
24440.9,0.0313116
24448.2,0.026773
24455.6,0.0218807
24462.9,0.0041692
24470.2,0.0399786
24477.5,0.0203188
24484.9,0.0252354
24492.2,0.0506666
24499.5,0.0246929
24506.8,0.0240832
24514.2,0.0458645
24521.5,0.0519091
24528.8,0.00832686
24536.1,0.0391672
24543.5,0.0314035
24550.8,0.0242167
24558.1,0.0176366
24565.4,0.0495852
24572.8,0.0494196
24580.1,0.0262747
24587.4,0.0270792
24594.7,0.0504938
24602.1,0.0347597
24609.4,0.0326856
24616.7,0.0310951
24624,0.0146386
24631.3,0.0374191
24638.7,0.0145906
24646,0.0535556
24653.3,0.0404884
24660.6,0.0385489
24668,0.0379073
24675.3,0.0483701
24682.6,0.0292499
24689.9,0.0498896
24697.3,0.0898541
24704.6,0.0461695
24711.9,0.0253068
24719.2,0.0160909
24726.6,0.0881316
24733.9,0.0288114
24741.2,0.00321352
24748.5,0.0392577
24755.9,0.0206776
24763.2,0.0422633
24770.5,0.015743
24777.8,0.0209139
24785.2,0.0487818
24792.5,0.00959924
24799.8,0.0302121
24807.1,0.0475993
24814.5,0.0173752
24821.8,0.0039773
24829.1,0.0477719
24836.4,0.0755302
24843.8,0.0287077
24851.1,0.070724
24858.4,0.0227817
24865.7,0.0355922
24873,0.0377316
24880.4,0.078391
24887.7,0.0405652
24895,0.0396516
24902.3,0.0196381
24909.7,0.052839
24917,0.0176447
24924.3,0.0144299
24931.6,0.034283
24939,0.0585403
24946.3,0.0278828
24953.6,0.0051381
24960.9,0.0653741
24968.3,0.0656262
24975.6,0.0921073
24982.9,0.0158463
24990.2,0.00925151
24997.6,0.0279217
25004.9,0.0197779
25012.2,0.0340896
25019.5,0.0650276
25026.9,0.0166453
25034.2,0.0441933
25041.5,0.0236331
25048.8,0.0253385
25056.2,0.106704
25063.5,0.0237395
25070.8,0.0330426
25078.1,0.0315245
25085.4,0.0308588
25092.8,0.00567461
25100.1,0.0330632
25107.4,0.0174682
25114.7,0.0322192
25122.1,0.0600227
25129.4,0.0328265
25136.7,0.0601482
25144,0.0480899
25151.4,0.00668321
25158.7,0.0312102
25166,0.0269152
25173.3,0.0431034
25180.7,0.0164481
25188,0.0100598
25195.3,0.0430196
25202.6,0.0372415
25210,0.0379968
25217.3,0.0316681
25224.6,0.0426964
25231.9,0.0339628
25239.3,0.0656017
25246.6,0.0644904
25253.9,0.0213246
25261.2,0.0551638
25268.6,0.0388952
25275.9,0.00605157
25283.2,0.0188847
25290.5,0.0663662
25297.9,0.0279071
25305.2,0.0390936
25312.5,0.0241322
25319.8,0.0424346
25327.1,0.0251221
25334.5,0.0514125
25341.8,0.0555884
25349.1,0.0551013
25356.4,0.0513319
25363.8,0.0250702
25371.1,0.0295812
25378.4,0.036495
25385.7,0.0229998
25393.1,0.0288405
25400.4,0.0400859
25407.7,0.0234266
25415,0.0548984
25422.4,0.0639332
25429.7,0.0389101
25437,0.0259596
25444.3,0.0339453
25451.7,0.0112501
25459,0.01408
25466.3,0.0558479
25473.6,0.0595292
25481,0.0865204
25488.3,0.0372718
25495.6,0.0198998
25502.9,0.0207582
25510.3,0.0181794
25517.6,0.0339023
25524.9,0.0188344
25532.2,0.0232301
25539.6,0.0364805
25546.9,0.0304601
25554.2,0.0399508
25561.5,0.0176381
25568.8,0.0311279
25576.2,0.0774175
25583.5,0.0516011
25590.8,0.0173584
25598.1,0.0385951
25605.5,0.0353267
25612.8,0.0198835
25620.1,0.0173661
25627.4,0.0154203
25634.8,0.0252227
25642.1,0.0288859
25649.4,0.0211629
25656.7,0.0383085
25664.1,0.025528
25671.4,0.0292788
25678.7,0.029813
25686,0.066228
25693.4,0.0319279
25700.7,0.0132567
25708,0.0369437
25715.3,0.0508587
25722.7,0.0202217
25730,0.0538541
25737.3,0.0467176
25744.6,0.0100357
25752,0.0376262
25759.3,0.0174925
25766.6,0.0420951
25773.9,0.0447945
25781.3,0.0293933
25788.6,0.0155784
25795.9,0.0233754
25803.2,0.0426171
25810.5,0.00502393
25817.9,0.0250891
25825.2,0.0365465
25832.5,0.0241858
25839.8,0.0478285
25847.2,0.0386876
25854.5,0.064313
25861.8,0.0512215
25869.1,0.00527211
25876.5,0.0420728
25883.8,0.0695381
25891.1,0.0526836
25898.4,0.0500478
25905.8,0.0374212
25913.1,0.0505589
25920.4,0.0325024
25927.7,0.0398736
25935.1,0.0571705
25942.4,0.0465376
25949.7,0.0212088
25957,0.0638654
25964.4,0.0399634
25971.7,0.0339833
25979,0.0295249
25986.3,0.0290329
25993.7,0.0540683
26001,0.0469835
26008.3,0.0535796
26015.6,0.0383436
26022.9,0.00830879
26030.3,0.0372208
26037.6,0.0216277
26044.9,0.00894017
26052.2,0.00691867
26059.6,0.0431289
26066.9,0.0255844
26074.2,0.047168
26081.5,0.0236678
26088.9,0.0226846
26096.2,0.0392548
26103.5,0.0800855
26110.8,0.0182743
26118.2,0.0314671
26125.5,0.039099
26132.8,0.0348526
26140.1,0.0256391
26147.5,0.0203344
26154.8,0.0321238
26162.1,0.00629254
26169.4,0.0358377
26176.8,0.0462515
26184.1,0.0289355
26191.4,0.0278472
26198.7,0.0291901
26206.1,0.0399819
26213.4,0.0304729
26220.7,0.0119478
26228,0.046538
26235.4,0.0318474
26242.7,0.032241
26250,0.068297
26257.3,0.0286726
26264.6,0.0541156
26272,0.0298237
26279.3,0.0314239
26286.6,0.042139
26293.9,0.0224113
26301.3,0.0548255
26308.6,0.0402182
26315.9,0.0208339
26323.2,0.0609412
26330.6,0.0729544
26337.9,0.0684171
26345.2,0.0193116
26352.5,0.0746344
26359.9,0.0374534
26367.2,0.00669994
26374.5,0.00628759
26381.8,0.0641052
26389.2,0.0118073
26396.5,0.0517099
26403.8,0.060463
26411.1,0.0175333
26418.5,0.0209939
26425.8,0.0239983
26433.1,0.0633919
26440.4,0.0277264
26447.8,0.0721659
26455.1,0.0210213
26462.4,0.0774321
26469.7,0.0227652
26477.1,0.0760174
26484.4,0.0321731
26491.7,0.0975093
26499,0.0260312
26506.3,0.028528
26513.7,0.0350457
26521,0.0303826
26528.3,0.0153781
26535.6,0.0599561
26543,0.0293758
26550.3,0.0585712
26557.6,0.0521327
26564.9,0.00512496
26572.3,0.0318368
26579.6,0.0483797
26586.9,0.0392395
26594.2,0.022089
26601.6,0.0419211
26608.9,0.0523487
26616.2,0.0399386
26623.5,0.035212
26630.9,0.0189296
26638.2,0.0172774
26645.5,0.0177491
26652.8,0.0307552
26660.2,0.0203003
26667.5,0.0202643
26674.8,0.040015
26682.1,0.0655139
26689.5,0.0618604
26696.8,0.0108056
26704.1,0.0460538
26711.4,0.0250866
26718.8,0.0545057
26726.1,0.0501762
26733.4,0.0289437
26740.7,0.0626769
26748,0.0167842
26755.4,0.0356067
26762.7,0.0377113
26770,0.0340886
26777.3,0.0327278
26784.7,0.0138551
26792,0.047816
26799.3,0.0411549
26806.6,0.0177847
26814,0.0228836
26821.3,0.0159847
26828.6,0.0974927
26835.9,0.0760833
26843.3,0.0580075
26850.6,0.0111913
26857.9,0.0125631
26865.2,0.0594822
26872.6,0.0644633
26879.9,0.0359349
26887.2,0.0388061
26894.5,0.0299842
26901.9,0.0922221
26909.2,0.0358443
26916.5,0.0378755
26923.8,0.0624021
26931.2,0.0313948
26938.5,0.0408109
26945.8,0.0603092
26953.1,0.0587274
26960.4,0.0347671
26967.8,0.02727
26975.1,0.0714834
26982.4,0.0623615
26989.7,0.0710779
26997.1,0.0201709
27004.4,0.0108381
27011.7,0.0386109
27019,0.0904143
27026.4,0.0501033
27033.7,0.0376925
27041,0.0755212
27048.3,0.0475224
27055.7,0.0184724
27063,0.0144864
27070.3,0.0604728
27077.6,0.0491579
27085,0.0440017
27092.3,0.0217535
27099.6,0.0183084
27106.9,0.0623075
27114.3,0.0351982
27121.6,0.0162869
27128.9,0.031276
27136.2,0.0471892
27143.6,0.133798
27150.9,0.0564982
27158.2,0.0412696
27165.5,0.018465
27172.9,0.111553
27180.2,0.03964
27187.5,0.0161849
27194.8,0.0579268
27202.1,0.0202057
27209.5,0.0374992
27216.8,0.0208699
27224.1,0.0135641
27231.4,0.0612672
27238.8,0.0728301
27246.1,0.0249598
27253.4,0.0319068
27260.7,0.0761452
27268.1,0.0542242
27275.4,0.058094
27282.7,0.0578462
27290,0.00940492
27297.4,0.0103213
27304.7,0.030808
27312,0.0507437
27319.3,0.00665577
27326.7,0.0264999
27334,0.0222505
27341.3,0.0291653
27348.6,0.0177804
27356,0.033162
27363.3,0.0348278
27370.6,0.0438463
27377.9,0.0380988
27385.3,0.0522079
27392.6,0.0313831
27399.9,0.029063
27407.2,0.0210746
27414.6,0.0402532
27421.9,0.0201282
27429.2,0.0736896
27436.5,0.0238211
27443.8,0.0262332
27451.2,0.0148101
27458.5,0.0364739
27465.8,0.013626
27473.1,0.00943488
27480.5,0.0266215
27487.8,0.0207014
27495.1,0.0304222
27502.4,0.0422411
27509.8,0.0247722
27517.1,0.045547
27524.4,0.0317379
27531.7,0.0100775
27539.1,0.0379188
27546.4,0.046528
27553.7,0.015575
27561,0.0398543
27568.4,0.0430824
27575.7,0.0634413
27583,0.0495332
27590.3,0.0152781
27597.7,0.0278534
27605,0.0164768
27612.3,0.0411148
27619.6,0.00731037
27627,0.0446583
27634.3,0.0554001
27641.6,0.0142173
27648.9,0.0331399
27656.3,0.00699176
27663.6,0.0110738
27670.9,0.0311762
27678.2,0.0387544
27685.5,0.0383449
27692.9,0.0150865
27700.2,0.0148759
27707.5,0.0451382
27714.8,0.0489899
27722.2,0.0237371
27729.5,0.0507761
27736.8,0.0144855
27744.1,0.0588145
27751.5,0.00497722
27758.8,0.0697575
27766.1,0.0658473
27773.4,0.0315306
27780.8,0.0624103
27788.1,0.0127683
27795.4,0.0119206
27802.7,0.0141845
27810.1,0.0176184
27817.4,0.0611962
27824.7,0.0258237
27832,0.0673001
27839.4,0.0768067
27846.7,0.014119
27854,0.0117795
27861.3,0.0691529
27868.7,0.0806334
27876,0.0488417
27883.3,0.0173571
27890.6,0.0438868
27897.9,0.059015
27905.3,0.0251151
27912.6,0.0240836
27919.9,0.0366621
27927.2,0.0150921
27934.6,0.0878529
27941.9,0.0326072
27949.2,0.0528299
27956.5,0.0356883
27963.9,0.0247273
27971.2,0.0225152
27978.5,0.0453298
27985.8,0.00931145
27993.2,0.00974448
28000.5,0.0215139
28007.8,0.0594026
28015.1,0.0318818
28022.5,0.00235031
28029.8,0.0520832
28037.1,0.0690253
28044.4,0.0597419
28051.8,0.0267379
28059.1,0.0336272
28066.4,0.00599256
28073.7,0.0684685
28081.1,0.028006
28088.4,0.0248738
28095.7,0.0386555
28103,0.0356821
28110.4,0.0308773
28117.7,0.0277322
28125,0.0533774
28132.3,0.0144562
28139.6,0.0243314
28147,0.0320662
28154.3,0.0500817
28161.6,0.0308735
28168.9,0.0344008
28176.3,0.0440167
28183.6,0.029166
28190.9,0.0203345
28198.2,0.0228462
28205.6,0.0327239
28212.9,0.0131436
28220.2,0.0309014
28227.5,0.0157886
28234.9,0.0260049
28242.2,0.0152009
28249.5,0.0473731
28256.8,0.0533472
28264.2,0.0274928
28271.5,0.0489516
28278.8,0.0235261
28286.1,0.0188018
28293.5,0.0201303
28300.8,0.0425812
28308.1,0.0339836
28315.4,0.0172145
28322.8,0.0428425
28330.1,0.0469608
28337.4,0.0424274
28344.7,0.024485
28352.1,0.0347188
28359.4,0.0181403
28366.7,0.0141448
28374,0.0339947
28381.3,0.0245513
28388.7,0.0309142
28396,0.0693042
28403.3,0.0391998
28410.6,0.0467344
28418,0.0484626
28425.3,0.0178282
28432.6,0.0361212
28439.9,0.0438706
28447.3,0.0163117
28454.6,0.0403454
28461.9,0.010656
28469.2,0.0694953
28476.6,0.0835854
28483.9,0.0236866
28491.2,0.0204806
28498.5,0.0287535
28505.9,0.0583172
28513.2,0.0315358
28520.5,0.012715
28527.8,0.0861531
28535.2,0.0393741
28542.5,0.0757838
28549.8,0.0213923
28557.1,0.0290541
28564.5,0.0478898
28571.8,0.0253842
28579.1,0.0213017
28586.4,0.0681076
28593.8,0.0675925
28601.1,0.0635909
28608.4,0.0167467
28615.7,0.0662997
28623,0.0421108
28630.4,0.0458859
28637.7,0.0338815
28645,0.0953746
28652.3,0.0159053
28659.7,0.0525273
28667,0.034435
28674.3,0.0674705
28681.6,0.0303499
28689,0.0430644
28696.3,0.0333125
28703.6,0.0496184
28710.9,0.119008
28718.3,0.0323295
28725.6,0.0511543
28732.9,0.0135659
28740.2,0.0433351
28747.6,0.042583
28754.9,0.045617
28762.2,0.0642457
28769.5,0.0343511
28776.9,0.0247839
28784.2,0.0164319
28791.5,0.024904
28798.8,0.0484894
28806.2,0.0268082
28813.5,0.0560826
28820.8,0.0168499
28828.1,0.0699636
28835.4,0.0473151
28842.8,0.0257145
28850.1,0.0484821
28857.4,0.0151226
28864.7,0.0336506
28872.1,0.017179
28879.4,0.00922967
28886.7,0.0655658
28894,0.0188389
28901.4,0.0129714
28908.7,0.0441944
28916,0.0427815
28923.3,0.0322491
28930.7,0.034397
28938,0.0157522
28945.3,0.0364402
28952.6,0.0235683
28960,0.0392459
28967.3,0.0428602
28974.6,0.0566196
28981.9,0.0275329
28989.3,0.0302664
28996.6,0.022973
29003.9,0.0363397
29011.2,0.0411825
29018.6,0.0763025
29025.9,0.0193186
29033.2,0.0579255
29040.5,0.0356661
29047.9,0.0363145
29055.2,0.0568073
29062.5,0.0207588
29069.8,0.0211673
29077.1,0.0292045
29084.5,0.0404565
29091.8,0.039774
29099.1,0.0547191
29106.4,0.0431073
29113.8,0.037669
29121.1,0.0262101
29128.4,0.0144597
29135.7,0.00862363
29143.1,0.0433471
29150.4,0.0239764
29157.7,0.0685643
29165,0.0328273
29172.4,0.0677774
29179.7,0.0126205
29187,0.0408431
29194.3,0.0262404
29201.7,0.0647969
29209,0.00701481
29216.3,0.0219621
29223.6,0.0244522
29231,0.0323086
29238.3,0.0102729
29245.6,0.0701333
29252.9,0.0575618
29260.3,0.0304461
29267.6,0.0190076
29274.9,0.0310067
29282.2,0.0107386
29289.6,0.0393531
29296.9,0.0129971
29304.2,0.0430299
29311.5,0.0662663
29318.8,0.0632175
29326.2,0.0821084
29333.5,0.0242
29340.8,0.0223645
29348.1,0.0225208
29355.5,0.0311656
29362.8,0.0430066
29370.1,0.0414037
29377.4,0.0237265
29384.8,0.0447236
29392.1,0.0308693
29399.4,0.0549509
29406.7,0.0691801
29414.1,0.0032971
29421.4,0.0412823
29428.7,0.0148342
29436,0.0424268
29443.4,0.0357086
29450.7,0.0131105
29458,0.0516427
29465.3,0.0239977
29472.7,0.0342749
29480,0.0388509
29487.3,0.0340666
29494.6,0.0252583
29502,0.0243762
29509.3,0.0370018
29516.6,0.00835499
29523.9,0.017349
29531.3,0.0171926
29538.6,0.0422213
29545.9,0.0239393
29553.2,0.0561513
29560.5,0.0494617
29567.9,0.0256053
29575.2,0.162261
29582.5,0.0319846
29589.8,0.0869917
29597.2,0.0129225
29604.5,0.0303878
29611.8,0.0777976
29619.1,0.0538655
29626.5,0.0399642
29633.8,0.056924
29641.1,0.0370092
29648.4,0.0262081
29655.8,0.079421
29663.1,0.053196
29670.4,0.0362087
29677.7,0.0287796
29685.1,0.0631291
29692.4,0.0195704
29699.7,0.0160608
29707,0.0368781
29714.4,0.0158105
29721.7,0.0336018
29729,0.0316847
29736.3,0.0113287
29743.7,0.0466089
29751,0.0803092
29758.3,0.00850633
29765.6,0.0108691
29772.9,0.010553
29780.3,0.0288721
29787.6,0.0803923
29794.9,0.0528937
29802.2,0.07948
29809.6,0.0823514
29816.9,0.0242559
29824.2,0.0591964
29831.5,0.0344709
29838.9,0.0638413
29846.2,0.0612638
29853.5,0.0700255
29860.8,0.0407326
29868.2,0.0505821
29875.5,0.0514787
29882.8,0.0475201
29890.1,0.062775
29897.5,0.0187903
29904.8,0.0156152
29912.1,0.0521219
29919.4,0.0245991
29926.8,0.0547296
29934.1,0.0271254
29941.4,0.0659511
29948.7,0.0153696
29956.1,0.03816
29963.4,0.0645907
29970.7,0.0265466
29978,0.0461606
29985.4,0.0402717
29992.7,0.0171754
